Object
{
0_Type: 0
1_Type: 0
2_Type: 0
3_Type: 0
4_Type: 0
5_Type: 17
6_Type: 17
7_Type: 7
8_Type: 1
9_Type: 0
10_Type: 0
11_Type: 0
12_Type: 0
13_Type: 472
14_Type: 1
15_Type: 472
16_Type: 472
17_Type: 472
18_Type: 472
19_Type: 2
20_Type: 1
21_Type: 472
22_Type: 472
23_Type: 472
24_Type: 472
25_Type: 472
26_Type: 472
27_Type: 472
28_Type: 472
29_Type: 1
30_Type: 1
31_Type: 1
32_Type: 472
33_Type: 472
34_Type: 472
35_Type: 472
36_Type: 472
37_Type: 472
38_Type: 1
39_Type: 1
40_Type: 1
41_Type: 1
42_Type: 1
43_Type: 472
44_Type: 7
45_Type: 7
46_Type: 472
47_Type: 4
48_Type: 2
49_Type: 1
50_Type: 472
51_Type: 472
52_Type: 472
53_Type: 1
54_Type: 1
55_Type: 1
56_Type: 1
57_Type: 1
58_Type: 1
59_Type: 2
60_Type: 2
61_Type: 472
62_Type: 0
63_Type: 0
64_Type: 0
65_Type: 0
66_Type: 0
67_Type: 0
68_Type: 0
69_Type: 472
70_Type: 472
71_Type: 472
72_Type: 472
73_Type: 1
74_Type: 1
75_Type: 1
76_Type: 1
77_Type: 1
78_Type: 1
79_Type: 1
80_Type: 1
81_Type: 472
82_Type: 472
83_Type: 472
84_Type: 0
85_Type: 0
86_Type: 0
87_Type: 0
88_Type: 0
89_Type: 0
90_Type: 0
91_Type: 1
92_Type: 1
93_Type: 1
94_Type: 1
95_Type: 1
96_Type: 1
97_Type: 1
98_Type: 1
99_Type: 1
100_Type: 472
101_Type: 472
102_Type: 472
103_Type: 472
104_Type: 1
105_Type: 1
106_Type: 472
107_Type: 1
108_Type: 472
109_Type: 0
110_Type: 0
111_Type: 0
112_Type: 0
113_Type: 0
114_Type: 0
115_Type: 0
116_Type: 472
117_Type: 472
118_Type: 1
119_Type: 1
120_Type: 1
121_Type: 1
122_Type: 1
123_Type: 1
124_Type: 1
125_Type: 1
126_Type: 1
127_Type: 1
128_Type: 1
129_Type: 1
130_Type: 1
131_Type: 1
132_Type: 1
133_Type: 1
134_Type: 1
135_Type: 1
136_Type: 472
137_Type: 472
138_Type: 1
139_Type: 1
140_Type: 472
141_Type: 472
142_Type: 472
143_Type: 0
144_Type: 0
145_Type: 0
146_Type: 0
147_Type: 0
148_Type: 0
149_Type: 0
150_Type: 0
151_Type: 0
152_Type: 0
153_Type: 0
154_Type: 0
155_Type: 0
156_Type: 0
157_Type: 0
158_Type: 0
159_Type: 0
160_Type: 0
161_Type: 0
162_Type: 0
163_Type: 0
164_Type: 0
165_Type: 0
166_Type: 0
167_Type: 0
168_Type: 0
169_Type: 0
170_Type: 0
171_Type: 0
172_Type: 0
173_Type: 0
174_Type: 0
175_Type: 0
176_Type: 0
177_Type: 0
178_Type: 0
179_Type: 0
180_Type: 0
181_Type: 0
182_Type: 0
183_Type: 0
184_Type: 0
185_Type: 0
186_Type: 0
187_Type: 0
188_Type: 0
189_Type: 0
190_Type: 0
191_Type: 0
192_Type: 0
193_Type: 0
194_Type: 0
195_Type: 1
196_Type: 1
197_Type: 472
198_Type: 7
199_Type: 472
200_Type: 472
201_Type: 472
202_Type: 472
203_Type: 472
204_Type: 472
205_Type: 472
206_Type: 472
207_Type: 2
208_Type: 1
209_Type: 1
210_Type: 472
211_Type: 2
212_Type: 1
213_Type: 472
214_Type: 472
215_Type: 472
216_Type: 472
217_Type: 472
218_Type: 472
219_Type: 472
220_Type: 472
221_Type: 472
222_Type: 472
223_Type: 472
224_Type: 472
225_Type: 472
226_Type: 472
227_Type: 472
228_Type: 472
229_Type: 472
230_Type: 472
231_Type: 472
232_Type: 472
233_Type: 472
234_Type: 472
235_Type: 472
236_Type: 472
237_Type: 472
238_Type: 472
239_Type: 472
240_Type: 472
241_Type: 472
242_Type: 472
243_Type: 472
244_Type: 472
245_Type: 472
246_Type: 472
247_Type: 472
248_Type: 472
249_Type: 472
250_Type: 472
251_Type: 472
252_Type: 472
253_Type: 472
254_Type: 472
255_Type: 472
256_Type: 472
257_Type: 1
258_Type: 1
259_Type: 1
260_Type: 1
261_Type: 1
262_Type: 1
263_Type: 1
264_Type: 1
265_Type: 1
266_Type: 1
267_Type: 472
268_Type: 472
269_Type: 472
270_Type: 472
271_Type: 472
272_Type: 7
273_Type: 472
274_Type: 472
275_Type: 2
276_Type: 2
277_Type: 472
278_Type: 472
279_Type: 1
280_Type: 1
281_Type: 472
282_Type: 1
283_Type: 1
284_Type: 1
285_Type: 472
286_Type: 472
287_Type: 472
288_Type: 472
289_Type: 472
290_Type: 1
291_Type: 1
292_Type: 472
293_Type: 1
294_Type: 1
295_Type: 1
296_Type: 1
297_Type: 2
298_Type: 2
299_Type: 2
300_Type: 2
301_Type: 2
302_Type: 2
303_Type: 1
304_Type: 0
305_Type: 0
306_Type: 0
307_Type: 0
308_Type: 0
309_Type: 0
310_Type: 0
311_Type: 0
312_Type: 0
313_Type: 0
314_Type: 0
315_Type: 0
316_Type: 0
317_Type: 0
318_Type: 0
319_Type: 0
320_Type: 0
321_Type: 0
322_Type: 0
323_Type: 0
324_Type: 0
325_Type: 0
326_Type: 0
327_Type: 0
328_Type: 0
329_Type: 0
330_Type: 0
331_Type: 0
332_Type: 0
333_Type: 0
334_Type: 0
335_Type: 0
336_Type: 0
337_Type: 0
338_Type: 0
339_Type: 0
340_Type: 0
341_Type: 0
342_Type: 0
343_Type: 0
344_Type: 0
345_Type: 0
346_Type: 0
347_Type: 0
348_Type: 0
349_Type: 0
350_Type: 0
351_Type: 0
352_Type: 0
353_Type: 0
354_Type: 0
355_Type: 0
356_Type: 0
357_Type: 0
358_Type: 472
359_Type: 2
360_Type: 472
361_Type: 1
362_Type: 472
363_Type: 472
364_Type: 1
365_Type: 1
366_Type: 2
367_Type: 472
368_Type: 0
369_Type: 0
370_Type: 472
371_Type: 1
372_Type: 472
373_Type: 472
374_Type: 472
375_Type: 1
376_Type: 1
377_Type: 1
378_Type: 1
379_Type: 472
380_Type: 472
381_Type: 472
382_Type: 472
383_Type: 472
384_Type: 472
385_Type: 472
386_Type: 1
387_Type: 1
388_Type: 1
389_Type: 1
390_Type: 1
391_Type: 1
392_Type: 1
393_Type: 1
394_Type: 1
395_Type: 1
396_Type: 1
397_Type: 1
398_Type: 1
399_Type: 1
400_Type: 1
401_Type: 1
402_Type: 1
403_Type: 1
404_Type: 1
405_Type: 1
406_Type: 1
407_Type: 1
408_Type: 1
409_Type: 1
410_Type: 1
411_Type: 1
412_Type: 1
413_Type: 1
414_Type: 1
415_Type: 1
416_Type: 1
417_Type: 1
418_Type: 1
419_Type: 1
420_Type: 1
421_Type: 1
422_Type: 1
423_Type: 1
424_Type: 1
425_Type: 1
426_Type: 0
427_Type: 0
428_Type: 0
429_Type: 0
430_Type: 0
431_Type: 472
432_Type: 2
433_Type: 2
434_Type: 2
435_Type: 2
436_Type: 2
437_Type: 2
438_Type: 2
439_Type: 2
440_Type: 2
441_Type: 2
442_Type: 2
443_Type: 2
444_Type: 2
445_Type: 2
446_Type: 2
447_Type: 2
448_Type: 2
449_Type: 2
450_Type: 2
451_Type: 2
452_Type: 2
453_Type: 2
454_Type: 2
455_Type: 2
456_Type: 2
457_Type: 2
458_Type: 2
459_Type: 2
460_Type: 2
461_Type: 2
462_Type: 2
463_Type: 2
464_Type: 2
465_Type: 2
466_Type: 2
467_Type: 2
468_Type: 2
469_Type: 472
470_Type: 1
471_Type: 1
472_Type: 472
473_Type: 0
474_Type: 0
475_Type: 1
476_Type: 1
477_Type: 1
478_Type: 1
479_Type: 1
480_Type: 1
481_Type: 1
482_Type: 1
483_Type: 1
484_Type: 472
485_Type: 472
486_Type: 472
487_Type: 7
488_Type: 7
489_Type: 472
490_Type: 472
491_Type: 1
492_Type: 1
493_Type: 1
494_Type: 1
495_Type: 1
496_Type: 1
497_Type: 1
498_Type: 1
499_Type: 1
500_Type: 1
501_Type: 472
502_Type: 472
503_Type: 1
504_Type: 472
505_Type: 1
506_Type: 472
507_Type: 472
508_Type: 472
509_Type: 472
510_Type: 472
511_Type: 472
512_Type: 472
513_Type: 472
514_Type: 472
515_Type: 472
516_Type: 472
517_Type: 472
518_Type: 472
519_Type: 472
520_Type: 472
521_Type: 472
522_Type: 472
523_Type: 472
524_Type: 472
525_Type: 472
526_Type: 472
527_Type: 1
528_Type: 1
529_Type: 472
530_Type: 472
531_Type: 472
532_Type: 1
533_Type: 1
534_Type: 1
535_Type: 1
536_Type: 1
537_Type: 1
538_Type: 1
539_Type: 1
540_Type: 1
541_Type: 1
542_Type: 1
543_Type: 1
544_Type: 1
545_Type: 1
546_Type: 1
547_Type: 1
548_Type: 1
549_Type: 1
550_Type: 1
551_Type: 1
552_Type: 1
553_Type: 1
554_Type: 1
555_Type: 472
556_Type: 1
557_Type: 1
558_Type: 1
559_Type: 1
560_Type: 1
561_Type: 1
562_Type: 1
563_Type: 1
564_Type: 1
565_Type: 1
566_Type: 1
567_Type: 1
568_Type: 1
569_Type: 1
570_Type: 1
571_Type: 1
572_Type: 1
573_Type: 1
574_Type: 1
575_Type: 1
576_Type: 1
577_Type: 1
578_Type: 1
579_Type: 1
580_Type: 1
581_Type: 1
582_Type: 1
583_Type: 1
584_Type: 1
585_Type: 1
586_Type: 1
587_Type: 1
588_Type: 1
589_Type: 1
590_Type: 1
591_Type: 1
592_Type: 1
593_Type: 1
594_Type: 1
595_Type: 1
596_Type: 1
597_Type: 1
598_Type: 1
599_Type: 1
600_Type: 1
601_Type: 1
602_Type: 1
603_Type: 1
604_Type: 1
605_Type: 1
606_Type: 1
607_Type: 1
608_Type: 1
609_Type: 1
610_Type: 1
611_Type: 1
612_Type: 1
613_Type: 1
614_Type: 1
615_Type: 1
616_Type: 1
617_Type: 1
618_Type: 1
619_Type: 1
620_Type: 1
621_Type: 1
622_Type: 1
623_Type: 1
624_Type: 1
625_Type: 1
626_Type: 1
627_Type: 1
628_Type: 1
629_Type: 1
630_Type: 1
631_Type: 1
632_Type: 1
633_Type: 1
634_Type: 1
635_Type: 1
636_Type: 1
637_Type: 1
638_Type: 1
639_Type: 1
640_Type: 1
641_Type: 1
642_Type: 1
643_Type: 1
644_Type: 1
645_Type: 1
646_Type: 1
647_Type: 1
648_Type: 472
649_Type: 472
650_Type: 1
651_Type: 1
652_Type: 472
653_Type: 472
654_Type: 0
655_Type: 0
656_Type: 0
657_Type: 0
658_Type: 472
659_Type: 1
660_Type: 1
661_Type: 472
662_Type: 1
663_Type: 1
664_Type: 1
665_Type: 1
666_Type: 1
667_Type: 1
668_Type: 1
669_Type: 472
670_Type: 1
671_Type: 1
672_Type: 1
673_Type: 1
674_Type: 1
675_Type: 1
676_Type: 1
677_Type: 1
678_Type: 1
679_Type: 1
680_Type: 1
681_Type: 1
682_Type: 1
683_Type: 1
684_Type: 1
685_Type: 1
686_Type: 1
687_Type: 1
688_Type: 1
689_Type: 1
690_Type: 1
691_Type: 1
692_Type: 1
693_Type: 1
694_Type: 1
695_Type: 1
696_Type: 1
697_Type: 1
698_Type: 1
699_Type: 1
700_Type: 1
701_Type: 1
702_Type: 1
703_Type: 1
704_Type: 1
705_Type: 1
706_Type: 1
707_Type: 1
708_Type: 1
709_Type: 1
710_Type: 1
711_Type: 1
712_Type: 1
713_Type: 1
714_Type: 1
715_Type: 1
716_Type: 1
717_Type: 1
718_Type: 1
719_Type: 1
720_Type: 1
721_Type: 1
722_Type: 1
723_Type: 1
724_Type: 1
725_Type: 472
726_Type: 472
727_Type: 472
728_Type: 7
729_Type: 7
730_Type: 472
731_Type: 2
732_Type: 2
733_Type: 472
734_Type: 2
735_Type: 1
736_Type: 1
737_Type: 1
738_Type: 1
739_Type: 1
740_Type: 472
741_Type: 472
742_Type: 472
743_Type: 1
744_Type: 472
745_Type: 472
746_Type: 472
747_Type: 472
748_Type: 472
749_Type: 472
750_Type: 472
751_Type: 472
752_Type: 472
753_Type: 472
754_Type: 472
755_Type: 472
756_Type: 472
757_Type: 472
758_Type: 472
759_Type: 472
760_Type: 472
761_Type: 472
762_Type: 472
763_Type: 472
764_Type: 472
765_Type: 472
766_Type: 472
767_Type: 472
768_Type: 472
769_Type: 472
770_Type: 472
771_Type: 472
772_Type: 472
773_Type: 472
774_Type: 472
775_Type: 472
776_Type: 472
777_Type: 472
778_Type: 472
779_Type: 472
780_Type: 472
781_Type: 472
782_Type: 472
783_Type: 472
784_Type: 472
785_Type: 472
786_Type: 472
787_Type: 472
788_Type: 472
789_Type: 472
790_Type: 472
791_Type: 472
792_Type: 2
793_Type: 472
794_Type: 472
795_Type: 1
796_Type: 472
797_Type: 472
798_Type: 1
799_Type: 2
800_Type: 472
801_Type: 1
802_Type: 472
803_Type: 1
804_Type: 1
805_Type: 1
806_Type: 1
807_Type: 1
808_Type: 1
809_Type: 1
810_Type: 1
811_Type: 1
812_Type: 1
813_Type: 1
814_Type: 1
815_Type: 1
816_Type: 1
817_Type: 1
818_Type: 1
819_Type: 1
820_Type: 1
821_Type: 1
822_Type: 1
823_Type: 1
824_Type: 1
825_Type: 1
826_Type: 1
827_Type: 1
828_Type: 1
829_Type: 1
830_Type: 1
831_Type: 1
832_Type: 1
833_Type: 1
834_Type: 1
835_Type: 1
836_Type: 1
837_Type: 1
838_Type: 1
839_Type: 1
840_Type: 1
841_Type: 1
842_Type: 1
843_Type: 1
844_Type: 1
845_Type: 1
846_Type: 1
847_Type: 1
848_Type: 1
849_Type: 1
850_Type: 1
851_Type: 1
852_Type: 1
853_Type: 1
854_Type: 1
855_Type: 472
856_Type: 472
857_Type: 1
858_Type: 7
859_Type: 7
860_Type: 472
861_Type: 7
862_Type: 472
863_Type: 472
864_Type: 472
865_Type: 472
866_Type: 1
867_Type: 472
868_Type: 1
869_Type: 1
870_Type: 1
871_Type: 1
872_Type: 1
873_Type: 1
874_Type: 472
875_Type: 6
876_Type: 472
877_Type: 472
878_Type: 1
879_Type: 1
880_Type: 1
881_Type: 1
882_Type: 1
883_Type: 1
884_Type: 1
885_Type: 1
886_Type: 1
887_Type: 1
888_Type: 1
889_Type: 1
890_Type: 1
891_Type: 1
892_Type: 1
893_Type: 1
894_Type: 1
895_Type: 1
896_Type: 1
897_Type: 1
898_Type: 1
899_Type: 1
900_Type: 1
901_Type: 1
902_Type: 1
903_Type: 1
904_Type: 1
905_Type: 472
906_Type: 472
907_Type: 472
908_Type: 1
909_Type: 1
910_Type: 1
911_Type: 1
912_Type: 1
913_Type: 1
914_Type: 1
915_Type: 1
916_Type: 1
917_Type: 1
918_Type: 1
919_Type: 1
920_Type: 1
921_Type: 1
922_Type: 1
923_Type: 1
924_Type: 1
925_Type: 1
926_Type: 1
927_Type: 1
928_Type: 1
929_Type: 1
930_Type: 1
931_Type: 472
932_Type: 472
933_Type: 472
934_Type: 472
935_Type: 2
936_Type: 472
937_Type: 472
938_Type: 472
939_Type: 1
940_Type: 1
941_Type: 1
942_Type: 2
943_Type: 472
944_Type: 1
945_Type: 1
946_Type: 1
947_Type: 1
948_Type: 472
949_Type: 1
950_Type: 1
951_Type: 1
952_Type: 1
953_Type: 1
954_Type: 472
955_Type: 1
956_Type: 0
957_Type: 472
958_Type: 1
959_Type: 1
960_Type: 1
961_Type: 1
962_Type: 1
963_Type: 1
964_Type: 1
965_Type: 1
966_Type: 1
967_Type: 1
968_Type: 1
969_Type: 1
970_Type: 1
971_Type: 1
972_Type: 1
973_Type: 1
974_Type: 1
975_Type: 1
976_Type: 1
977_Type: 1
978_Type: 1
979_Type: 1
980_Type: 472
981_Type: 472
982_Type: 472
983_Type: 472
984_Type: 472
985_Type: 472
986_Type: 1
987_Type: 1
988_Type: 1
989_Type: 1
990_Type: 1
991_Type: 1
992_Type: 1
993_Type: 1
994_Type: 1
995_Type: 1
996_Type: 1
997_Type: 1
998_Type: 1
999_Type: 1
1000_Type: 1
1001_Type: 1
1002_Type: 1
1003_Type: 1
1004_Type: 1
1005_Type: 1
1006_Type: 1
1007_Type: 1
1008_Type: 1
1009_Type: 1
1010_Type: 1
1011_Type: 1
1012_Type: 1
1013_Type: 1
1014_Type: 1
1015_Type: 1
1016_Type: 1
1017_Type: 1
1018_Type: 1
1019_Type: 1
1020_Type: 1
1021_Type: 1
1022_Type: 1
1023_Type: 1
1024_Type: 1
1025_Type: 1
1026_Type: 1
1027_Type: 1
1028_Type: 1
1029_Type: 1
1030_Type: 1
1031_Type: 1
1032_Type: 1
1033_Type: 1
1034_Type: 1
1035_Type: 1
1036_Type: 1
1037_Type: 1
1038_Type: 1
1039_Type: 1
1040_Type: 1
1041_Type: 1
1042_Type: 1
1043_Type: 1
1044_Type: 1
1045_Type: 472
1046_Type: 472
1047_Type: 472
1048_Type: 472
1049_Type: 472
1050_Type: 472
1051_Type: 472
1052_Type: 472
1053_Type: 472
1054_Type: 472
1055_Type: 472
1056_Type: 472
1057_Type: 472
1058_Type: 472
1059_Type: 472
1060_Type: 472
1061_Type: 472
1062_Type: 472
1063_Type: 472
1064_Type: 472
1065_Type: 472
1066_Type: 472
1067_Type: 472
1068_Type: 472
1069_Type: 472
1070_Type: 472
1071_Type: 472
1072_Type: 472
1073_Type: 1
1074_Type: 1
1075_Type: 1
1076_Type: 1
1077_Type: 1
1078_Type: 1
1079_Type: 1
1080_Type: 1
1081_Type: 1
1082_Type: 1
1083_Type: 472
1084_Type: 472
1085_Type: 7
1086_Type: 7
1087_Type: 7
1088_Type: 7
1089_Type: 7
1090_Type: 7
1091_Type: 7
1092_Type: 7
1093_Type: 7
1094_Type: 7
1095_Type: 7
1096_Type: 7
1097_Type: 7
1098_Type: 7
1099_Type: 7
1100_Type: 7
1101_Type: 472
1102_Type: 1
1103_Type: 1
1104_Type: 1
1105_Type: 1
1106_Type: 6
1107_Type: 472
1108_Type: 1
1109_Type: 1
1110_Type: 1
1111_Type: 1
1112_Type: 1
1113_Type: 1
1114_Type: 472
1115_Type: 472
1116_Type: 472
1117_Type: 472
1118_Type: 472
1119_Type: 472
1120_Type: 472
1121_Type: 472
1122_Type: 0
1123_Type: 0
1124_Type: 1
1125_Type: 472
1126_Type: 472
1127_Type: 472
1128_Type: 472
1129_Type: 472
1130_Type: 1
1131_Type: 1
1132_Type: 2
1133_Type: 2
1134_Type: 2
1135_Type: 2
1136_Type: 2
1137_Type: 2
1138_Type: 2
1139_Type: 2
1140_Type: 1
1141_Type: 1
1142_Type: 1
1143_Type: 7
1144_Type: 7
1145_Type: 1
1146_Type: 1
1147_Type: 1
1148_Type: 1
1149_Type: 472
1150_Type: 472
1151_Type: 472
1152_Type: 472
1153_Type: 472
1154_Type: 472
1155_Type: 472
1156_Type: 472
1157_Type: 0
1158_Type: 472
1159_Type: 472
1160_Type: 1
1161_Type: 1
1162_Type: 1
1163_Type: 472
1164_Type: 472
1165_Type: 0
1166_Type: 0
1167_Type: 2
1168_Type: 472
1169_Type: 1
1170_Type: 472
1171_Type: 2
1172_Type: 1
1173_Type: 1
1174_Type: 472
1175_Type: 472
1176_Type: 472
1177_Type: 472
1178_Type: 472
1179_Type: 472
1180_Type: 472
// Joint 0
{
obj|None
unknown_00_int: 1
1                      0                      0                      // Right
0                      1                      0                      // Up
0                      0                      1                      // Backward
0                      0                      0                      // Translation X Y Z
ParentIndex1: 669
ParentIndex2: -1
unknown_byte: 0
}
// Joint 1
{
obj|None
unknown_00_int: 1
1                      0                      0                      // Right
0                      1                      0                      // Up
0                      0                      1                      // Backward
0                      0                      0                      // Translation X Y Z
ParentIndex1: 669
ParentIndex2: -1
unknown_byte: 0
}
// Joint 2
{
obj|None
unknown_00_int: 1
1                      0                      0                      // Right
0                      1                      0                      // Up
0                      0                      1                      // Backward
0                      0                      0                      // Translation X Y Z
ParentIndex1: 670
ParentIndex2: -1
unknown_byte: 0
}
// Joint 3
{
obj|None
unknown_00_int: 1
1                      0                      0                      // Right
0                      1                      0                      // Up
0                      0                      1                      // Backward
0                      0                      0                      // Translation X Y Z
ParentIndex1: 670
ParentIndex2: -1
unknown_byte: 0
}
// Joint 4
{
obj|None
unknown_00_int: 1
1                      0                      0                      // Right
0                      1                      0                      // Up
0                      0                      1                      // Backward
0                      0                      0                      // Translation X Y Z
ParentIndex1: 670
ParentIndex2: -1
unknown_byte: 0
}
// Model 5
{
obj|101
unknown_00_int: 1
8.19563936715895E-08   -2.63005517808779E-06  -1.00000011920929      // Right
0.142203345894814      0.98983758687973       -2.59280227510317E-06  // Up
0.989837527275085      -0.142203345894814     4.5495113454308E-07    // Backward
0                      0.00773559557273984    0.980463862419128      // Translation X Y Z
ParentIndex1: 1398
ParentIndex2: 1398
unknown_byte: 0
Shaders: 738197552

Min: -0.210405334830284 -0.174448743462563 -0.242575645446777
Max: 0.478222280740738 0.224895477294922 0.242576748132706
14_byte: 255
MeshIndex: 232
MaterialIndex: 654
obj|None
byte1: 0
byte2: 0
byte3: 0
BlendInfoIndex: 658
SkeletonIndex: 660
SkeletonHierachyIndex: 662

// Matrix Model 0
1                      0                      0                      // Right
0                      1                      0                      // Up
0                      0                      1                      // Backward
0                      0                      0                      // Translation X Y Z

// Matrix Model 1
0.999999940395355      0                      0                      // Right
0                      0.999999940395355      -2.1316282072803E-14   // Up
0                      -1.13686837721616E-13  0.999999940395355      // Backward
1.19209289550781E-07   -5.96046447753906E-08  0                      // Translation X Y Z

// Matrix Model 2
-0.995444238185883     0.0947616696357727     0.0105283167213202     // Right
0.0947528705000877     0.995499730110168      -0.0013323548482731    // Up
-0.0106071941554546    -0.00032869671122171   -0.999943614006042     // Backward
-0.0211248993873596    -0.000769898295402527  -0.100000068545341     // Translation X Y Z

// Matrix Model 3
-0.995444238185883     0.0947639793157578     -0.0105095179751515    // Right
0.0947533547878265     0.995499551296234      0.0015064881881699     // Up
0.0106049831956625     0.000503812974784523   -0.999943614006042     // Backward
-0.0211248993873596    -0.000769838690757751  0.100000001490116      // Translation X Y Z

// Matrix Model 4
0.996180474758148      0.0873167514801025     1.29995044062525E-07   // Right
-0.0873167514801025    0.996180474758148      1.08272246279739E-07   // Up
-1.20044575169231E-07  -1.19209431659328E-07  0.999999940395355      // Backward
0.0738298892974854     -2.5331974029541E-07   1.00193915386626E-08   // Translation X Y Z

// Matrix Model 5
-0.995444238185883     0.0947616696357727     0.0105283167213202     // Right
0.0947528705000877     0.995499730110168      -0.0013323548482731    // Up
-0.0106071941554546    -0.00032869671122171   -0.999943614006042     // Backward
-0.240702152252197     0.0201309323310852     -0.102339833974838     // Translation X Y Z

// Matrix Model 6
-0.995444238185883     0.0947639793157578     -0.0105095179751515    // Right
0.0947533547878265     0.995499551296234      0.0015064881881699     // Up
0.0106049831956625     0.000503812974784523   -0.999943614006042     // Backward
-0.240458250045776     0.0201078429818153     0.102336660027504      // Translation X Y Z

// Matrix Model 7
0.946890592575073      0.321555703878403      3.31837472913321E-05   // Right
-0.321555703878403     0.946890652179718      -4.4442626858654E-06   // Up
-3.28504538629204E-05  -6.46219450572971E-06  0.999999940395355      // Backward
0.165904700756073      -0.00807073712348938   -1.07610276245396E-09  // Translation X Y Z

// Matrix Model 8
-0.998989999294281     0.0230118855834007     -0.0385916419327259    // Right
0.0228406712412834     0.999727010726929      0.00487187970429659    // Up
0.0386932268738747     0.00398550042882562    -0.999243080615997     // Backward
-0.461331307888031     0.0411316826939583     -0.104690857231617     // Translation X Y Z

// Matrix Model 9
-0.998990297317505     0.023033618927002      0.0385748632252216     // Right
0.0228363946080208     0.9997239112854        -0.00554578006267548   // Up
-0.0386919528245926    -0.00465927040204406   -0.999240398406982     // Backward
-0.461342513561249     0.0411334559321404     0.104689747095108      // Translation X Y Z

// Matrix Model 10
0.981108546257019      0.193457737565041      -1.9417693692958E-05   // Right
-0.193457722663879     0.981108546257019      3.16562773150508E-06   // Up
1.96632809092989E-05   6.50676895475044E-07   0.999999940395355      // Backward
0.258155643939972      -0.0393991321325302    -3.19477112498134E-06  // Translation X Y Z

// Matrix Model 11
-0.366053432226181     0.930531024932861      0.0108099589124322     // Right
0.930577874183655      0.366089999675751      -0.00155625364277512   // Up
-0.0054055592045188    0.00948983617126942    -0.999940276145935     // Backward
-0.856377840042114     0.0501639172434807     -0.0893897637724876    // Translation X Y Z

// Matrix Model 12
-0.998989999294281     0.0230118855834007     -0.0385916419327259    // Right
0.0228406712412834     0.999727010726929      0.00487187970429659    // Up
0.0386932268738747     0.00398550042882562    -0.999243080615997     // Backward
-0.865037679672241     0.0801267847418785     -0.0909980610013008    // Translation X Y Z

// Matrix Model 13
-0.3660529255867       0.93053150177002       -0.0108031844720244    // Right
0.930578410625458      0.366089373826981      0.00154783448670059    // Up
0.00539524015039206    -0.00948662124574184   -0.999940514564514     // Backward
-0.85637766122818      0.0501638054847717     0.0893895253539085     // Translation X Y Z

// Matrix Model 14
-0.998990297317505     0.023033618927002      0.0385748632252216     // Right
0.0228363946080208     0.9997239112854        -0.00554578006267548   // Up
-0.0386919528245926    -0.00465927040204406   -0.999240398406982     // Backward
-0.866462409496307     0.0803317278623581     0.0909963846206665     // Translation X Y Z

// Matrix Model 15
0.990443527698517      0.137918874621391      -2.48696153448691E-07  // Right
-0.13791885972023      0.990443468093872      1.67367275594188E-07   // Up
2.69402619323955E-07   -1.31469604980339E-07  0.999999940395355      // Backward
0.422989308834076      -0.0719014257192612    6.41683755020495E-08   // Translation X Y Z

// Matrix Model 16
0.0362548530101776     0.999342620372772      5.13383838551817E-07   // Right
0.999342381954193      -0.036254845559597     -3.2802497571538E-06   // Up
-3.2585371627647E-06   6.29877433766524E-07   -0.999999940395355     // Backward
-0.911969482898712     0.191488444805145      -0.0902107059955597    // Translation X Y Z

// Matrix Model 17
0.0362621694803238     0.999342441558838      3.55853615019441E-07   // Right
0.999342322349548      -0.0362621918320656    -4.127903139306E-06    // Up
-4.11186056226143E-06  5.04168156112428E-07   -1                     // Backward
-0.911969661712646     0.191488325595856      0.0902088955044746     // Translation X Y Z

// Matrix Model 18
0.999321162700653      -0.0368392914533615    3.11763869831339E-06   // Right
0.0368393212556839     0.999321162700653      -5.4356650025511E-07   // Up
-3.0954981866671E-06   6.58047838442144E-07   1                      // Backward
0.556453347206116      -0.0904862284660339    8.89825741978711E-08   // Translation X Y Z

// Matrix Model 19
-0.189203172922134     0.120891369879246      0.974467754364014      // Right
-0.0738595277070999    0.987828969955444      -0.136889532208443     // Up
-0.979156196117401     -0.0978736728429794    -0.177971392869949     // Backward
0.489144623279572      -0.0839902013540268    -0.0452898293733597    // Translation X Y Z

// Matrix Model 20
-0.189203545451164     0.120890557765961      -0.974467754364014     // Right
-0.0738593265414238    0.987829148769379      0.136888697743416      // Up
0.979156136512756      0.0978733599185944     -0.177971839904785     // Backward
0.489144563674927      -0.0839903354644775    0.045290146023035      // Translation X Y Z

// Matrix Model 21
0.993846654891968      -0.110764995217323     -3.0531498396158E-07   // Right
0.110764980316162      0.993846654891968      3.45211574881432E-08   // Up
2.99612395338045E-07   -6.81285001746801E-08  1                      // Backward
0.64885425567627       -0.0870801955461502    -1.99998396510637E-07  // Translation X Y Z

// Matrix Model 22
-0.711790084838867     0.120448879897594      0.691987812519073      // Right
0.0709623396396637     0.99247795343399       -0.0997598022222519    // Up
-0.698798537254334     -0.0219029672443867    -0.714983224868774     // Backward
0.460435748100281      -0.0951972603797913    -0.193862080574036     // Translation X Y Z

// Matrix Model 23
-0.7117959856987       0.12044857442379       -0.691981732845306     // Right
0.070963591337204      0.99247819185257       0.0997582972049713     // Up
0.698792457580566      0.0219020433723927     -0.714989304542542     // Backward
0.460436284542084      -0.0951976180076599    0.193859949707985      // Translation X Y Z

// Matrix Model 24
0.993846654891968      -0.110764995217323     -3.0531498396158E-07   // Right
0.110764980316162      0.993846654891968      3.45211574881432E-08   // Up
2.99612395338045E-07   -6.81285001746801E-08  1                      // Backward
0.756452560424805      0.00983741879463196    -0.0342283807694912    // Translation X Y Z

// Matrix Model 25
-6.47042907075956E-06  -0.141905605792999     0.9898801445961        // Right
1.27072325994959E-07   -0.989880084991455     -0.141905605792999     // Up
1                      -8.1381517702539E-07   6.52835979053634E-06   // Backward
0.684861838817596      0.00973626971244812    -0.0552191846072674    // Translation X Y Z

// Matrix Model 26
-6.51178015687037E-06  -0.140164211392403     0.9901282787323        // Right
1.44953844483098E-07   -0.990128219127655     -0.140164211392403     // Up
1                      -7.76022034187918E-07  6.48925970381242E-06   // Backward
0.752981781959534      0.0232029408216476     -0.0340158753097057    // Translation X Y Z

// Matrix Model 27
-4.62390653410694E-06  -0.141276076436043     0.989970326423645      // Right
1.22960955195595E-07   -0.989970266819        -0.141276076436043     // Up
1                      -5.45399416296277E-07  4.72718693345087E-06   // Backward
0.719316899776459      0.0400380939245224     0.0189085751771927     // Translation X Y Z

// Matrix Model 28
-6.62840466247872E-06  -0.140663385391235     0.990057468414307      // Right
1.31956028326385E-07   -0.990057528018951     -0.140663385391235     // Up
1                      -8.05979254892009E-07  6.55072244626353E-06   // Backward
0.761907458305359      0.0238595008850098     -0.0329853408038616    // Translation X Y Z

// Matrix Model 29
-4.61382524008513E-06  -0.138853907585144     0.990312933921814      // Right
1.1658772791634E-07    -0.990312874317169     -0.138853907585144     // Up
1                      -5.44647775768681E-07  4.73652153232251E-06   // Backward
0.753062188625336      0.022900715470314      0.0314057245850563     // Translation X Y Z

// Matrix Model 30
-4.71276325697545E-06  -0.14101043343544      0.990008175373077      // Right
1.1305792213534E-07    -0.990008175373077     -0.141010448336601     // Up
1                      -5.45316879652091E-07  4.63778224002454E-06   // Backward
0.687891602516174      0.044201135635376      0.0117166982963681     // Translation X Y Z

// Matrix Model 31
-6.51095569992322E-06  -0.140204057097435     0.990122735500336      // Right
1.37549250212032E-07   -0.990122735500336     -0.140204057097435     // Up
1                      -7.83485006650153E-07  6.48926015855977E-06   // Backward
0.687646389007568      0.0435693860054016     -0.0154845071956515    // Translation X Y Z

// Matrix Model 32
-5.21753418070148E-06  -0.13992728292942      0.990161716938019      // Right
1.01780642580707E-07   -0.990161776542664     -0.139927297830582     // Up
1                      -6.19486627329024E-07  5.14815747010289E-06   // Backward
0.67991578578949       0.0355648547410965     0.0251171588897705     // Translation X Y Z

// Matrix Model 33
-3.34944434143836E-06  -0.141510859131813     0.989936769008636      // Right
1.90033745184337E-07   -0.989936709403992     -0.141510888934135     // Up
1                      -3.07053312553762E-07  3.49783977071638E-06   // Backward
0.687104523181915      -0.0447085052728653    4.74646697057324E-07   // Translation X Y Z

// Matrix Model 34
-4.71276325697545E-06  -0.14101043343544      0.990008175373077      // Right
1.1305792213534E-07    -0.990008175373077     -0.141010448336601     // Up
1                      -5.45316879652091E-07  4.63778224002454E-06   // Backward
0.688263773918152      0.0108715444803238     0.0514126941561699     // Translation X Y Z

// Matrix Model 35
-4.6417935664067E-06   -0.141189813613892     0.989982604980469      // Right
9.84770167633542E-08   -0.989982545375824     -0.141189828515053     // Up
1                      -5.52823280486336E-07  4.58748945675325E-06   // Backward
0.72305554151535       0.0645499229431152     -0.00129479984752834   // Translation X Y Z

// Matrix Model 36
-4.56732186648878E-06  -0.140661790966988     0.990057647228241      // Right
6.92936623636342E-08   -0.990057587623596     -0.140661790966988     // Up
1                      -5.82461325393524E-07  4.59866987512214E-06   // Backward
0.761078417301178      0.0225739479064941     0.0314280465245247     // Translation X Y Z

// Matrix Model 37
-6.55045369057916E-06  -0.139828637242317     0.990175724029541      // Right
1.55637223997473E-07   -0.990175724029541     -0.139828652143478     // Up
1                      -7.61016906380974E-07  6.51161462883465E-06   // Backward
0.718264102935791      0.0405207276344299     -0.0223131030797958    // Translation X Y Z

// Matrix Model 38
-4.62390653410694E-06  -0.141276076436043     0.989970326423645      // Right
1.22960955195595E-07   -0.989970266819        -0.141276076436043     // Up
1                      -5.45399416296277E-07  4.72718693345087E-06   // Backward
0.733853995800018      0.0253385305404663     0.0366691574454308     // Translation X Y Z

// Matrix Model 39
-6.55045369057916E-06  -0.139828637242317     0.990175724029541      // Right
1.55637223997473E-07   -0.990175724029541     -0.139828652143478     // Up
1                      -7.61016906380974E-07  6.51161462883465E-06   // Backward
0.731303989887238      0.0239211320877075     -0.0435001775622368    // Translation X Y Z

// Matrix Model 40
-4.71276325697545E-06  -0.14101043343544      0.990008175373077      // Right
1.1305792213534E-07    -0.990008175373077     -0.141010448336601     // Up
1                      -5.45316879652091E-07  4.63778224002454E-06   // Backward
0.689509212970734      0.0480698347091675     -0.00143401580862701   // Translation X Y Z

// Matrix Model 41
-6.51075333735207E-06  -0.140164211392403     0.9901282787323        // Right
1.52564837208047E-07   -0.990128219127655     -0.140164211392403     // Up
1                      -7.68571453590994E-07  6.49112234896165E-06   // Backward
0.778280079364777      0.0137693285942078     -0.0570672117173672    // Translation X Y Z

// Matrix Model 42
-6.51075333735207E-06  -0.140164211392403     0.9901282787323        // Right
1.52564837208047E-07   -0.990128219127655     -0.140164211392403     // Up
1                      -7.68571453590994E-07  6.49112234896165E-06   // Backward
0.779639780521393      0.0339287370443344     -0.0158073157072067    // Translation X Y Z

// Matrix Model 43
-4.62390653410694E-06  -0.141276076436043     0.989970326423645      // Right
1.22960955195595E-07   -0.989970266819        -0.141276076436043     // Up
1                      -5.45399416296277E-07  4.72718693345087E-06   // Backward
0.779563367366791      0.0339618921279907     0.0135410614311695     // Translation X Y Z

// Matrix Model 44
-4.62390653410694E-06  -0.141276076436043     0.989970326423645      // Right
1.22960955195595E-07   -0.989970266819        -0.141276076436043     // Up
1                      -5.45399416296277E-07  4.72718693345087E-06   // Backward
0.777791500091553      0.0125732123851776     0.0533248223364353     // Translation X Y Z

// Matrix Model 45
-6.55888379696989E-06  -0.140403881669044     0.990094304084778      // Right
1.47200523770152E-07   -0.990094304084778     -0.140403881669044     // Up
1                      -7.68645463722351E-07  6.44269039185019E-06   // Backward
0.679446935653687      0.0353604257106781     -0.0287882331758738    // Translation X Y Z

// Matrix Model 46
0.993846654891968      -0.110764995217323     -3.0531498396158E-07   // Right
0.110764980316162      0.993846654891968      3.45211574881432E-08   // Up
2.99612395338045E-07   -6.81285001746801E-08  1                      // Backward
0.7562455534935        0.00874541699886322    0.0311721470206976     // Translation X Y Z

// Matrix Model 47
-0.711790084838867     0.120448879897594      0.691987812519073      // Right
0.0709623396396637     0.99247795343399       -0.0997598022222519    // Up
-0.698798537254334     -0.0219029672443867    -0.714983224868774     // Backward
0.366287887096405      -0.0858111381530762    -0.286291539669037     // Translation X Y Z

// Matrix Model 48
-0.7117959856987       0.12044857442379       -0.691981732845306     // Right
0.070963591337204      0.99247819185257       0.0997582972049713     // Up
0.698792457580566      0.0219020433723927     -0.714989304542542     // Backward
0.366344749927521      -0.085817001760006     0.286232382059097      // Translation X Y Z

// Matrix Model 49
-4.27211489295587E-06  -0.149986207485199     0.988688111305237      // Right
4.98646272717451E-07   -0.988688111305237     -0.149986237287521     // Up
1                      -1.70273452226866E-07  4.4536022869579E-06    // Backward
0.68129962682724       0.0447732955217361     0.0113081699237227     // Translation X Y Z

// Matrix Model 50
-4.26722226620768E-06  -0.149986177682877     0.988688170909882      // Right
4.95969402436458E-07   -0.988688111305237     -0.149986207485199     // Up
1                      -1.72185878000164E-07  4.44836268798099E-06   // Backward
0.679910063743591      0.047790139913559      -0.00165181572083384   // Translation X Y Z

// Matrix Model 51
-1.90482910511491E-06  -0.150890380144119     0.98855060338974       // Right
1.32290750798347E-07   -0.988550543785095     -0.15089039504528      // Up
1                      -1.79306681502567E-07  2.05798323804629E-06   // Backward
0.679615914821625      0.0441266894340515     -0.0156172979623079    // Translation X Y Z

// Matrix Model 52
-0.72147661447525      0.152072414755821      0.675533592700958      // Right
0.117910787463188      0.988318920135498      -0.0965550169348717    // Up
-0.682326018810272     0.00999051425606012    -0.730979919433594     // Backward
0.265856683254242      -0.0757985264062881    -0.384889602661133     // Translation X Y Z

// Matrix Model 53
-0.721468389034271     0.152072355151176      -0.67554235458374      // Right
0.117908902466297      0.988319158554077      0.0965570881962776     // Up
0.682335019111633      -0.00998957082629204   -0.73097151517868      // Backward
0.265853643417358      -0.0757983550429344    0.384887665510178      // Translation X Y Z

// Matrix Model 54
-0.72147661447525      0.152072414755821      0.675533592700958      // Right
0.117910787463188      0.988318920135498      -0.0965550169348717    // Up
-0.682326018810272     0.00999051425606012    -0.730979919433594     // Backward
0.180564701557159      -0.0618592649698257    -0.465553164482117     // Translation X Y Z

// Matrix Model 55
-0.72147661447525      0.152072414755821      0.675533592700958      // Right
0.117910787463188      0.988318920135498      -0.0965550169348717    // Up
-0.682326018810272     0.00999051425606012    -0.730979919433594     // Backward
0.0863118767738342     -0.046455554664135     -0.554691314697266     // Translation X Y Z

// Matrix Model 56
-0.721468389034271     0.152072355151176      -0.67554235458374      // Right
0.117908902466297      0.988319158554077      0.0965570881962776     // Up
0.682335019111633      -0.00998957082629204   -0.73097151517868      // Backward
0.180589497089386      -0.0618637129664421    0.465526878833771      // Translation X Y Z

// Matrix Model 57
-0.721468389034271     0.152072355151176      -0.67554235458374      // Right
0.117908902466297      0.988319158554077      0.0965570881962776     // Up
0.682335019111633      -0.00998957082629204   -0.73097151517868      // Backward
0.0863074660301209     -0.0464555323123932    0.554694294929504      // Translation X Y Z

// Matrix Model 58
-0.699921131134033     0.142197951674461      0.699921727180481      // Right
0.100549899041653      0.989838302135468      -0.100548379123211     // Up
-0.707107067108154     1.12380644168297E-06   -0.707106649875641     // Backward
0.0863121151924133     -0.0464555844664574    -0.5546914935112       // Translation X Y Z

// Matrix Model 59
-0.699921548366547     0.142197489738464      -0.699921309947968     // Right
0.100549079477787      0.989838600158691      0.100548468530178      // Up
0.707106828689575      -4.11741183370395E-07  -0.707106947898865     // Backward
0.0863074660301209     -0.0464555323123932    0.554694294929504      // Translation X Y Z

// Matrix Model 60
-0.774085462093353     0.10446572303772       0.624402701854706      // Right
0.0573177225887775     0.993805646896362      -0.0952106714248657    // Up
-0.630481243133545     -0.0379118621349335    -0.775278270244598     // Backward
0.0145924091339111     -0.030117966234684     -0.623427748680115     // Translation X Y Z

// Matrix Model 61
-0.558071374893188     0.803642213344574      0.206678166985512      // Right
0.767762541770935      0.594570398330688      -0.238803178071976     // Up
-0.314796954393387     0.0254105515778065     -0.948818922042847     // Backward
0.0673925876617432     -0.0222284495830536    -0.560399949550629     // Translation X Y Z

// Matrix Model 62
-0.820469975471497     -0.0908670425415039    0.564422428607941      // Right
-0.173123523592949     0.980421423912048      -0.0938210487365723    // Up
-0.544846415519714     -0.174692168831825     -0.820137441158295     // Backward
0.0686937570571899     -0.0644727051258087    -0.568907380104065     // Translation X Y Z

// Matrix Model 63
-0.729010581970215     0.218762069940567      0.648603856563568      // Right
0.288417816162109      0.957503914833069      0.00122427940368652    // Up
-0.620772898197174     0.187961399555206      -0.761125266551971     // Backward
0.0728508830070496     -0.0238590240478516    -0.572233200073242     // Translation X Y Z

// Matrix Model 64
-0.796676576137543     -0.0234522819519043    0.603950917720795      // Right
-0.117213554680347     0.986271262168884      -0.116319015622139     // Up
-0.592931389808655     -0.163459852337837     -0.788488030433655     // Backward
