Object
{
0_Type: 17
1_Type: 1
2_Type: 1
3_Type: 1
4_Type: 1
5_Type: 1
6_Type: 1
7_Type: 1
8_Type: 1
9_Type: 1
10_Type: 1
11_Type: 1
12_Type: 1
13_Type: 1
14_Type: 1
15_Type: 1
16_Type: 472
17_Type: 472
18_Type: 472
19_Type: 472
20_Type: 1
21_Type: 1
22_Type: 1
23_Type: 472
24_Type: 472
25_Type: 1
26_Type: 1
27_Type: 1
28_Type: 1
29_Type: 1
30_Type: 1
31_Type: 1
32_Type: 1
33_Type: 1
34_Type: 1
35_Type: 1
36_Type: 1
37_Type: 1
38_Type: 1
39_Type: 1
40_Type: 1
41_Type: 1
42_Type: 1
43_Type: 1
44_Type: 1
45_Type: 1
46_Type: 1
47_Type: 1
48_Type: 1
49_Type: 1
50_Type: 1
51_Type: 1
52_Type: 1
53_Type: 1
54_Type: 1
55_Type: 472
56_Type: 472
57_Type: 1
58_Type: 1
59_Type: 1
60_Type: 472
61_Type: 1
62_Type: 1
63_Type: 1
64_Type: 472
65_Type: 472
66_Type: 472
67_Type: 472
68_Type: 1
69_Type: 1
70_Type: 1
71_Type: 1
72_Type: 1
73_Type: 1
74_Type: 1
75_Type: 1
76_Type: 1
77_Type: 1
78_Type: 1
79_Type: 1
80_Type: 1
81_Type: 1
82_Type: 2
83_Type: 1
84_Type: 1
85_Type: 1
86_Type: 1
87_Type: 472
88_Type: 472
89_Type: 472
90_Type: 472
91_Type: 1
92_Type: 1
93_Type: 1
94_Type: 1
95_Type: 1
96_Type: 1
97_Type: 1
98_Type: 1
99_Type: 1
100_Type: 1
101_Type: 1
102_Type: 1
103_Type: 1
104_Type: 1
105_Type: 1
106_Type: 1
107_Type: 1
108_Type: 1
109_Type: 1
110_Type: 1
111_Type: 1
112_Type: 1
113_Type: 1
114_Type: 1
115_Type: 1
116_Type: 1
117_Type: 1
118_Type: 2
119_Type: 1
120_Type: 1
121_Type: 1
122_Type: 1
123_Type: 1
124_Type: 1
125_Type: 1
126_Type: 1
127_Type: 1
128_Type: 1
129_Type: 1
130_Type: 1
131_Type: 1
132_Type: 472
133_Type: 472
134_Type: 1
135_Type: 472
136_Type: 472
137_Type: 1
138_Type: 1
139_Type: 1
140_Type: 1
141_Type: 1
142_Type: 1
143_Type: 1
144_Type: 1
145_Type: 1
146_Type: 1
147_Type: 2
148_Type: 1
149_Type: 1
150_Type: 1
151_Type: 1
152_Type: 1
153_Type: 1
154_Type: 1
155_Type: 1
156_Type: 1
157_Type: 1
158_Type: 1
159_Type: 1
160_Type: 1
161_Type: 1
162_Type: 1
163_Type: 2
164_Type: 2
165_Type: 2
166_Type: 2
167_Type: 1
168_Type: 1
169_Type: 1
170_Type: 1
171_Type: 2
172_Type: 1
173_Type: 1
174_Type: 1
175_Type: 1
176_Type: 1
177_Type: 472
178_Type: 472
179_Type: 472
180_Type: 472
181_Type: 2
182_Type: 1
183_Type: 1
184_Type: 1
185_Type: 1
186_Type: 1
187_Type: 1
188_Type: 1
189_Type: 1
190_Type: 1
191_Type: 1
192_Type: 472
193_Type: 1
194_Type: 1
195_Type: 1
196_Type: 1
197_Type: 1
198_Type: 1
199_Type: 1
200_Type: 1
201_Type: 1
202_Type: 1
203_Type: 1
204_Type: 1
205_Type: 1
206_Type: 1
207_Type: 1
208_Type: 1
209_Type: 1
210_Type: 1
211_Type: 1
212_Type: 1
213_Type: 1
214_Type: 1
215_Type: 1
216_Type: 1
217_Type: 1
218_Type: 1
219_Type: 0
220_Type: 0
221_Type: 0
222_Type: 0
223_Type: 0
224_Type: 0
225_Type: 0
226_Type: 0
227_Type: 0
228_Type: 0
229_Type: 0
230_Type: 0
231_Type: 0
232_Type: 0
233_Type: 0
234_Type: 0
235_Type: 0
236_Type: 0
237_Type: 0
238_Type: 0
239_Type: 1
240_Type: 1
241_Type: 1
242_Type: 1
243_Type: 472
244_Type: 472
245_Type: 1
246_Type: 1
247_Type: 1
248_Type: 1
249_Type: 1
250_Type: 1
251_Type: 1
252_Type: 1
253_Type: 1
254_Type: 1
255_Type: 1
256_Type: 1
257_Type: 1
258_Type: 1
259_Type: 1
260_Type: 1
261_Type: 1
262_Type: 1
263_Type: 1
264_Type: 1
265_Type: 1
266_Type: 1
267_Type: 1
268_Type: 1
269_Type: 1
270_Type: 1
271_Type: 1
272_Type: 1
273_Type: 1
274_Type: 1
275_Type: 1
276_Type: 1
277_Type: 1
278_Type: 1
279_Type: 1
280_Type: 1
281_Type: 1
282_Type: 1
283_Type: 1
284_Type: 1
285_Type: 1
286_Type: 1
287_Type: 1
288_Type: 1
289_Type: 1
290_Type: 1
291_Type: 1
292_Type: 1
293_Type: 1
294_Type: 1
295_Type: 1
296_Type: 1
297_Type: 1
298_Type: 1
299_Type: 1
300_Type: 1
301_Type: 1
302_Type: 1
303_Type: 1
304_Type: 1
305_Type: 1
306_Type: 1
307_Type: 1
308_Type: 1
309_Type: 1
310_Type: 1
311_Type: 1
312_Type: 472
313_Type: 1
314_Type: 1
315_Type: 1
316_Type: 1
317_Type: 2
318_Type: 1
319_Type: 1
320_Type: 1
321_Type: 1
322_Type: 1
323_Type: 1
324_Type: 1
325_Type: 1
326_Type: 1
327_Type: 472
328_Type: 472
329_Type: 2
330_Type: 2
331_Type: 2
332_Type: 2
333_Type: 472
334_Type: 472
335_Type: 472
336_Type: 472
337_Type: 472
338_Type: 472
339_Type: 472
340_Type: 472
341_Type: 1
342_Type: 1
343_Type: 1
344_Type: 1
345_Type: 1
346_Type: 1
347_Type: 1
348_Type: 1
349_Type: 1
350_Type: 1
351_Type: 1
352_Type: 2
353_Type: 1
354_Type: 1
355_Type: 1
356_Type: 1
357_Type: 1
358_Type: 1
359_Type: 1
360_Type: 1
361_Type: 2
362_Type: 1
363_Type: 1
364_Type: 1
365_Type: 1
366_Type: 1
367_Type: 1
368_Type: 1
369_Type: 1
370_Type: 1
371_Type: 1
372_Type: 1
373_Type: 1
374_Type: 1
375_Type: 1
376_Type: 1
377_Type: 2
378_Type: 1
379_Type: 1
380_Type: 1
381_Type: 1
382_Type: 1
383_Type: 1
384_Type: 1
385_Type: 1
386_Type: 1
387_Type: 1
388_Type: 1
389_Type: 1
390_Type: 1
391_Type: 1
392_Type: 1
393_Type: 1
394_Type: 1
395_Type: 1
396_Type: 1
397_Type: 472
398_Type: 472
399_Type: 1
400_Type: 1
401_Type: 1
402_Type: 2
403_Type: 2
404_Type: 2
405_Type: 2
406_Type: 2
407_Type: 2
408_Type: 2
409_Type: 2
410_Type: 2
411_Type: 2
412_Type: 2
413_Type: 2
414_Type: 2
415_Type: 2
416_Type: 2
417_Type: 2
418_Type: 2
419_Type: 2
420_Type: 2
421_Type: 2
422_Type: 1
423_Type: 1
424_Type: 1
425_Type: 1
426_Type: 1
427_Type: 1
428_Type: 1
429_Type: 1
430_Type: 1
431_Type: 1
432_Type: 1
433_Type: 1
434_Type: 1
435_Type: 1
436_Type: 1
437_Type: 1
438_Type: 1
439_Type: 1
440_Type: 1
441_Type: 1
442_Type: 1
443_Type: 1
444_Type: 1
445_Type: 1
446_Type: 1
447_Type: 1
448_Type: 1
449_Type: 1
450_Type: 1
451_Type: 1
452_Type: 1
453_Type: 1
454_Type: 1
455_Type: 1
456_Type: 1
457_Type: 1
458_Type: 1
459_Type: 1
460_Type: 2
461_Type: 1
462_Type: 1
463_Type: 1
464_Type: 1
465_Type: 1
466_Type: 1
467_Type: 1
468_Type: 1
469_Type: 1
470_Type: 1
471_Type: 1
472_Type: 1
473_Type: 1
474_Type: 1
475_Type: 1
476_Type: 1
477_Type: 1
478_Type: 1
479_Type: 1
480_Type: 1
481_Type: 1
482_Type: 1
483_Type: 1
484_Type: 1
485_Type: 1
486_Type: 1
487_Type: 1
488_Type: 1
489_Type: 1
490_Type: 1
491_Type: 1
492_Type: 1
493_Type: 1
494_Type: 1
495_Type: 1
496_Type: 1
497_Type: 1
498_Type: 1
499_Type: 1
500_Type: 1
501_Type: 1
502_Type: 1
503_Type: 1
504_Type: 1
505_Type: 1
506_Type: 1
507_Type: 1
508_Type: 1
509_Type: 1
510_Type: 1
511_Type: 1
512_Type: 1
513_Type: 1
514_Type: 1
515_Type: 1
516_Type: 1
517_Type: 1
518_Type: 1
519_Type: 1
520_Type: 1
521_Type: 1
522_Type: 1
523_Type: 1
524_Type: 1
525_Type: 1
526_Type: 1
527_Type: 1
528_Type: 1
529_Type: 1
530_Type: 0
531_Type: 0
532_Type: 0
533_Type: 1
534_Type: 1
535_Type: 1
536_Type: 1
537_Type: 472
538_Type: 472
539_Type: 472
540_Type: 472
541_Type: 472
542_Type: 472
543_Type: 472
544_Type: 472
545_Type: 1
546_Type: 1
547_Type: 1
548_Type: 1
549_Type: 1
550_Type: 1
551_Type: 1
552_Type: 1
553_Type: 1
554_Type: 1
555_Type: 1
556_Type: 472
557_Type: 472
558_Type: 472
559_Type: 472
560_Type: 472
561_Type: 472
562_Type: 2
563_Type: 2
564_Type: 472
565_Type: 1
566_Type: 1
567_Type: 1
568_Type: 1
569_Type: 1
570_Type: 1
571_Type: 1
572_Type: 1
573_Type: 1
574_Type: 1
575_Type: 1
576_Type: 1
577_Type: 1
578_Type: 1
579_Type: 1
580_Type: 1
581_Type: 1
582_Type: 1
583_Type: 1
584_Type: 1
585_Type: 1
586_Type: 1
587_Type: 1
588_Type: 1
589_Type: 1
590_Type: 1
591_Type: 1
592_Type: 1
593_Type: 1
594_Type: 1
595_Type: 1
596_Type: 1
597_Type: 1
598_Type: 1
599_Type: 1
600_Type: 1
601_Type: 1
602_Type: 1
603_Type: 1
604_Type: 1
605_Type: 1
606_Type: 1
607_Type: 1
608_Type: 1
609_Type: 1
610_Type: 1
611_Type: 1
612_Type: 1
613_Type: 1
614_Type: 1
615_Type: 1
616_Type: 1
617_Type: 1
618_Type: 2
619_Type: 1
620_Type: 1
621_Type: 1
622_Type: 1
623_Type: 1
624_Type: 1
625_Type: 472
626_Type: 1
627_Type: 1
628_Type: 1
629_Type: 1
630_Type: 1
631_Type: 1
632_Type: 1
633_Type: 1
634_Type: 0
635_Type: 0
636_Type: 1
637_Type: 1
638_Type: 472
639_Type: 472
640_Type: 1
641_Type: 1
642_Type: 1
643_Type: 1
644_Type: 1
645_Type: 1
646_Type: 1
647_Type: 1
648_Type: 1
649_Type: 1
650_Type: 1
651_Type: 1
652_Type: 1
653_Type: 1
654_Type: 1
655_Type: 1
656_Type: 1
657_Type: 1
658_Type: 1
659_Type: 1
660_Type: 1
661_Type: 1
662_Type: 1
663_Type: 1
664_Type: 1
665_Type: 1
666_Type: 1
667_Type: 1
668_Type: 1
669_Type: 1
670_Type: 1
671_Type: 1
672_Type: 1
673_Type: 1
674_Type: 1
675_Type: 1
676_Type: 1
677_Type: 472
678_Type: 472
679_Type: 472
680_Type: 472
681_Type: 472
682_Type: 472
683_Type: 472
684_Type: 472
685_Type: 472
686_Type: 472
687_Type: 1
688_Type: 2
689_Type: 1
690_Type: 1
691_Type: 472
692_Type: 472
693_Type: 1
694_Type: 1
695_Type: 1
696_Type: 1
697_Type: 472
698_Type: 472
699_Type: 472
700_Type: 472
701_Type: 472
702_Type: 472
703_Type: 472
704_Type: 472
705_Type: 1
706_Type: 1
707_Type: 1
708_Type: 1
709_Type: 472
710_Type: 472
711_Type: 1
712_Type: 1
713_Type: 1
714_Type: 1
715_Type: 1
716_Type: 472
717_Type: 472
718_Type: 1
719_Type: 1
720_Type: 1
721_Type: 1
722_Type: 1
723_Type: 1
724_Type: 1
725_Type: 1
726_Type: 1
727_Type: 1
728_Type: 1
729_Type: 1
730_Type: 2
731_Type: 1
732_Type: 1
733_Type: 1
734_Type: 1
735_Type: 1
736_Type: 1
737_Type: 1
738_Type: 1
739_Type: 1
740_Type: 1
741_Type: 1
742_Type: 1
743_Type: 1
744_Type: 1
745_Type: 1
746_Type: 1
747_Type: 1
748_Type: 1
749_Type: 1
750_Type: 1
751_Type: 1
752_Type: 472
753_Type: 472
754_Type: 1
755_Type: 1
756_Type: 1
757_Type: 1
758_Type: 1
759_Type: 1
760_Type: 1
761_Type: 1
762_Type: 1
763_Type: 1
764_Type: 1
765_Type: 1
766_Type: 1
767_Type: 1
768_Type: 1
769_Type: 1
770_Type: 1
771_Type: 1
772_Type: 1
773_Type: 1
774_Type: 1
775_Type: 1
776_Type: 1
777_Type: 1
778_Type: 1
779_Type: 1
780_Type: 1
781_Type: 1
782_Type: 1
783_Type: 1
784_Type: 1
785_Type: 1
786_Type: 1
787_Type: 1
788_Type: 1
789_Type: 472
790_Type: 1
791_Type: 1
792_Type: 1
793_Type: 1
794_Type: 1
795_Type: 1
796_Type: 1
797_Type: 1
798_Type: 1
799_Type: 1
800_Type: 1
801_Type: 1
802_Type: 7
803_Type: 7
804_Type: 1
805_Type: 1
806_Type: 1
807_Type: 1
808_Type: 1
809_Type: 1
810_Type: 1
811_Type: 1
812_Type: 1
813_Type: 1
814_Type: 1
815_Type: 1
816_Type: 472
817_Type: 472
818_Type: 1
819_Type: 1
820_Type: 1
821_Type: 1
822_Type: 1
823_Type: 1
824_Type: 1
825_Type: 1
826_Type: 1
827_Type: 1
828_Type: 1
829_Type: 1
830_Type: 1
831_Type: 1
832_Type: 1
833_Type: 1
834_Type: 1
835_Type: 1
836_Type: 1
837_Type: 1
838_Type: 1
839_Type: 1
840_Type: 1
841_Type: 1
842_Type: 1
843_Type: 1
844_Type: 1
845_Type: 1
846_Type: 1
847_Type: 1
848_Type: 1
849_Type: 1
850_Type: 1
851_Type: 1
852_Type: 1
853_Type: 1
854_Type: 1
855_Type: 1
856_Type: 1
857_Type: 1
858_Type: 1
859_Type: 1
860_Type: 1
861_Type: 1
862_Type: 1
863_Type: 1
864_Type: 1
865_Type: 1
866_Type: 1
867_Type: 1
868_Type: 1
869_Type: 1
870_Type: 1
871_Type: 1
872_Type: 1
873_Type: 1
874_Type: 1
875_Type: 1
876_Type: 1
877_Type: 1
878_Type: 1
879_Type: 1
880_Type: 1
881_Type: 1
882_Type: 1
883_Type: 1
884_Type: 1
885_Type: 1
886_Type: 1
887_Type: 1
888_Type: 1
889_Type: 1
890_Type: 1
891_Type: 2
892_Type: 2
893_Type: 472
894_Type: 1
895_Type: 1
896_Type: 1
897_Type: 1
898_Type: 1
899_Type: 1
900_Type: 1
901_Type: 1
902_Type: 1
903_Type: 1
904_Type: 1
905_Type: 1
906_Type: 1
907_Type: 1
908_Type: 1
909_Type: 1
910_Type: 1
911_Type: 1
912_Type: 1
913_Type: 2
914_Type: 2
915_Type: 2
916_Type: 2
917_Type: 2
918_Type: 2
919_Type: 2
920_Type: 2
921_Type: 2
922_Type: 1
923_Type: 1
924_Type: 1
925_Type: 1
926_Type: 1
927_Type: 1
928_Type: 1
929_Type: 1
930_Type: 1
931_Type: 1
932_Type: 1
933_Type: 1
934_Type: 1
935_Type: 472
936_Type: 472
937_Type: 1
938_Type: 1
939_Type: 1
940_Type: 1
941_Type: 1
942_Type: 1
943_Type: 1
944_Type: 1
945_Type: 1
946_Type: 1
947_Type: 1
948_Type: 1
949_Type: 1
950_Type: 1
951_Type: 1
952_Type: 1
953_Type: 1
954_Type: 1
955_Type: 1
956_Type: 1
957_Type: 1
958_Type: 1
959_Type: 1
960_Type: 1
961_Type: 1
962_Type: 1
963_Type: 1
964_Type: 1
965_Type: 1
966_Type: 1
967_Type: 1
968_Type: 1
969_Type: 1
970_Type: 2
971_Type: 1
972_Type: 1
973_Type: 1
974_Type: 1
975_Type: 1
976_Type: 1
977_Type: 1
978_Type: 1
979_Type: 1
980_Type: 1
981_Type: 1
982_Type: 1
983_Type: 1
984_Type: 1
985_Type: 1
986_Type: 1
987_Type: 1
988_Type: 1
989_Type: 1
990_Type: 1
991_Type: 1
992_Type: 0
993_Type: 1
994_Type: 1
995_Type: 1
996_Type: 1
997_Type: 2
998_Type: 1
999_Type: 1
1000_Type: 0
1001_Type: 0
1002_Type: 0
1003_Type: 0
1004_Type: 0
1005_Type: 0
1006_Type: 1
1007_Type: 1
1008_Type: 1
1009_Type: 1
1010_Type: 1
1011_Type: 1
1012_Type: 1
1013_Type: 1
1014_Type: 1
1015_Type: 1
1016_Type: 1
1017_Type: 1
1018_Type: 2
1019_Type: 2
1020_Type: 1
1021_Type: 472
1022_Type: 472
1023_Type: 2
1024_Type: 2
1025_Type: 1
1026_Type: 1
1027_Type: 1
1028_Type: 1
1029_Type: 1
1030_Type: 472
1031_Type: 472
1032_Type: 1
1033_Type: 1
1034_Type: 1
1035_Type: 1
1036_Type: 472
1037_Type: 1
1038_Type: 1
1039_Type: 1
1040_Type: 1
1041_Type: 1
1042_Type: 0
1043_Type: 0
1044_Type: 0
1045_Type: 0
1046_Type: 0
1047_Type: 0
1048_Type: 0
1049_Type: 0
1050_Type: 0
1051_Type: 1
1052_Type: 1
1053_Type: 1
1054_Type: 1
1055_Type: 1
1056_Type: 1
1057_Type: 1
1058_Type: 1
1059_Type: 1
1060_Type: 1
1061_Type: 1
1062_Type: 1
1063_Type: 1
1064_Type: 1
1065_Type: 1
1066_Type: 1
1067_Type: 1
1068_Type: 1
1069_Type: 1
1070_Type: 1
1071_Type: 2
1072_Type: 2
1073_Type: 2
1074_Type: 1
1075_Type: 1
1076_Type: 1
1077_Type: 472
1078_Type: 472
1079_Type: 472
1080_Type: 1
1081_Type: 1
1082_Type: 1
1083_Type: 1
1084_Type: 1
1085_Type: 1
1086_Type: 1
1087_Type: 1
1088_Type: 1
1089_Type: 1
1090_Type: 1
1091_Type: 1
1092_Type: 1
1093_Type: 0
1094_Type: 0
1095_Type: 2
1096_Type: 2
1097_Type: 2
1098_Type: 2
1099_Type: 1
1100_Type: 1
1101_Type: 1
1102_Type: 1
1103_Type: 1
1104_Type: 1
1105_Type: 1
1106_Type: 1
1107_Type: 1
1108_Type: 1
1109_Type: 1
1110_Type: 1
1111_Type: 1
1112_Type: 1
1113_Type: 1
1114_Type: 1
1115_Type: 1
1116_Type: 1
1117_Type: 1
1118_Type: 1
1119_Type: 1
1120_Type: 472
1121_Type: 472
1122_Type: 472
1123_Type: 472
1124_Type: 472
1125_Type: 472
1126_Type: 472
1127_Type: 472
1128_Type: 1
1129_Type: 1
1130_Type: 1
1131_Type: 1
1132_Type: 1
1133_Type: 1
1134_Type: 1
1135_Type: 1
1136_Type: 1
1137_Type: 1
1138_Type: 1
1139_Type: 1
1140_Type: 1
1141_Type: 1
1142_Type: 1
1143_Type: 1
1144_Type: 1
1145_Type: 1
1146_Type: 1
1147_Type: 1
1148_Type: 1
1149_Type: 1
1150_Type: 1
1151_Type: 1
1152_Type: 1
1153_Type: 1
1154_Type: 1
1155_Type: 2
1156_Type: 1
1157_Type: 1
1158_Type: 1
1159_Type: 1
1160_Type: 1
1161_Type: 1
1162_Type: 472
1163_Type: 472
1164_Type: 472
1165_Type: 472
1166_Type: 472
1167_Type: 472
1168_Type: 472
1169_Type: 472
1170_Type: 472
1171_Type: 1
1172_Type: 1
1173_Type: 472
1174_Type: 472
1175_Type: 472
1176_Type: 472
1177_Type: 1
1178_Type: 1
1179_Type: 1
1180_Type: 1
1181_Type: 1
1182_Type: 1
1183_Type: 1
1184_Type: 1
1185_Type: 1
1186_Type: 1
1187_Type: 1
1188_Type: 1
1189_Type: 1
1190_Type: 1
1191_Type: 0
1192_Type: 0
1193_Type: 0
1194_Type: 0
1195_Type: 0
1196_Type: 0
1197_Type: 0
1198_Type: 0
1199_Type: 0
1200_Type: 0
1201_Type: 0
1202_Type: 0
1203_Type: 0
1204_Type: 0
1205_Type: 0
1206_Type: 0
1207_Type: 0
1208_Type: 0
1209_Type: 1
1210_Type: 1
1211_Type: 1
1212_Type: 1
1213_Type: 1
1214_Type: 1
1215_Type: 1
1216_Type: 1
1217_Type: 1
1218_Type: 1
1219_Type: 1
1220_Type: 1
1221_Type: 1
1222_Type: 1
1223_Type: 1
1224_Type: 1
1225_Type: 1
1226_Type: 1
1227_Type: 1
1228_Type: 0
1229_Type: 0
1230_Type: 0
1231_Type: 0
1232_Type: 1
1233_Type: 1
1234_Type: 1
1235_Type: 0
1236_Type: 472
1237_Type: 472
1238_Type: 472
1239_Type: 472
1240_Type: 1
1241_Type: 1
1242_Type: 1
1243_Type: 1
1244_Type: 1
1245_Type: 1
1246_Type: 1
1247_Type: 1
1248_Type: 1
1249_Type: 1
1250_Type: 1
1251_Type: 1
1252_Type: 1
1253_Type: 1
1254_Type: 1
1255_Type: 1
1256_Type: 1
1257_Type: 1
1258_Type: 1
1259_Type: 1
1260_Type: 1
1261_Type: 1
1262_Type: 1
1263_Type: 1
1264_Type: 1
1265_Type: 1
1266_Type: 1
1267_Type: 1
1268_Type: 1
1269_Type: 1
1270_Type: 1
1271_Type: 1
1272_Type: 1
1273_Type: 1
1274_Type: 1
1275_Type: 1
1276_Type: 1
1277_Type: 1
1278_Type: 1
1279_Type: 1
1280_Type: 1
1281_Type: 1
1282_Type: 1
1283_Type: 1
1284_Type: 1
1285_Type: 1
1286_Type: 1
1287_Type: 1
1288_Type: 1
1289_Type: 1
1290_Type: 0
1291_Type: 0
1292_Type: 0
1293_Type: 0
1294_Type: 0
1295_Type: 0
1296_Type: 0
1297_Type: 0
1298_Type: 0
1299_Type: 0
1300_Type: 0
1301_Type: 0
1302_Type: 0
1303_Type: 0
1304_Type: 1
1305_Type: 1
1306_Type: 1
1307_Type: 1
1308_Type: 1
1309_Type: 2
1310_Type: 1
1311_Type: 1
1312_Type: 1
1313_Type: 1
1314_Type: 1
1315_Type: 1
1316_Type: 1
1317_Type: 1
1318_Type: 1
1319_Type: 1
1320_Type: 1
1321_Type: 1
1322_Type: 1
1323_Type: 1
1324_Type: 1
1325_Type: 1
1326_Type: 1
1327_Type: 1
1328_Type: 1
1329_Type: 472
1330_Type: 472
1331_Type: 472
1332_Type: 472
1333_Type: 1
1334_Type: 1
1335_Type: 1
1336_Type: 1
1337_Type: 1
1338_Type: 1
1339_Type: 1
1340_Type: 1
1341_Type: 1
1342_Type: 1
1343_Type: 1
1344_Type: 1
1345_Type: 1
1346_Type: 1
1347_Type: 1
1348_Type: 1
1349_Type: 1
1350_Type: 1
1351_Type: 1
1352_Type: 1
1353_Type: 1
1354_Type: 1
1355_Type: 1
1356_Type: 1
1357_Type: 1
1358_Type: 2
1359_Type: 1
1360_Type: 1
1361_Type: 1
1362_Type: 1
1363_Type: 1
1364_Type: 1
1365_Type: 472
1366_Type: 472
1367_Type: 472
1368_Type: 472
1369_Type: 472
1370_Type: 472
1371_Type: 472
1372_Type: 472
1373_Type: 1
1374_Type: 1
1375_Type: 1
1376_Type: 1
1377_Type: 1
1378_Type: 472
1379_Type: 472
1380_Type: 1
1381_Type: 1
1382_Type: 1
1383_Type: 1
1384_Type: 2
1385_Type: 2
1386_Type: 1
1387_Type: 1
1388_Type: 1
1389_Type: 1
1390_Type: 1
1391_Type: 1
1392_Type: 1
1393_Type: 1
1394_Type: 1
1395_Type: 1
1396_Type: 1
1397_Type: 1
1398_Type: 1
1399_Type: 0
1400_Type: 0
1401_Type: 472
1402_Type: 472
1403_Type: 1
1404_Type: 1
1405_Type: 1
1406_Type: 1
1407_Type: 1
1408_Type: 1
1409_Type: 1
1410_Type: 1
1411_Type: 1
1412_Type: 1
1413_Type: 1
1414_Type: 1
1415_Type: 1
1416_Type: 1
1417_Type: 1
1418_Type: 1
1419_Type: 1
1420_Type: 1
1421_Type: 1
1422_Type: 1
1423_Type: 1
1424_Type: 1
1425_Type: 1
1426_Type: 1
1427_Type: 1
1428_Type: 1
1429_Type: 1
1430_Type: 1
1431_Type: 1
1432_Type: 1
1433_Type: 1
1434_Type: 1
1435_Type: 1
1436_Type: 1
1437_Type: 1
1438_Type: 1
1439_Type: 1
1440_Type: 1
1441_Type: 1
1442_Type: 1
1443_Type: 1
1444_Type: 1
1445_Type: 1
1446_Type: 1
1447_Type: 1
1448_Type: 1
1449_Type: 472
1450_Type: 1
1451_Type: 1
1452_Type: 1
1453_Type: 1
1454_Type: 1
1455_Type: 1
1456_Type: 1
1457_Type: 1
1458_Type: 1
1459_Type: 1
1460_Type: 1
1461_Type: 1
1462_Type: 1
1463_Type: 1
1464_Type: 1
1465_Type: 1
1466_Type: 1
1467_Type: 1
1468_Type: 1
1469_Type: 1
1470_Type: 1
1471_Type: 1
1472_Type: 1
1473_Type: 1
1474_Type: 1
1475_Type: 2
1476_Type: 1
1477_Type: 1
1478_Type: 1
1479_Type: 1
1480_Type: 1
1481_Type: 1
1482_Type: 1
1483_Type: 1
1484_Type: 1
1485_Type: 1
1486_Type: 1
1487_Type: 1
1488_Type: 1
1489_Type: 1
1490_Type: 1
1491_Type: 1
1492_Type: 1
1493_Type: 1
1494_Type: 1
1495_Type: 1
1496_Type: 1
1497_Type: 1
1498_Type: 1
1499_Type: 1
1500_Type: 1
1501_Type: 1
1502_Type: 1
1503_Type: 1
1504_Type: 1
1505_Type: 1
1506_Type: 1
1507_Type: 1
1508_Type: 1
1509_Type: 1
1510_Type: 1
1511_Type: 1
1512_Type: 1
1513_Type: 1
1514_Type: 1
1515_Type: 1
1516_Type: 1
1517_Type: 1
1518_Type: 1
// Model 0
{
obj|101
unknown_00_int: 1
-2.88709998130798E-08  -2.62260437011719E-06  -1                     // Right
0.142202377319336      0.98983758687973       -2.59280204772949E-06  // Up
0.989837646484375      -0.142202377319336     3.44589352607727E-07   // Backward
0                      0.00773559557273984    0.980463862419128      // Translation X Y Z
ParentIndex1: 1860
ParentIndex2: 1860
unknown_byte: 0
Shaders: 738197552

Min: -0.461788445711136 -0.218208312988281 -0.289049804210663
Max: 0.450933784246445 0.18561278283596 0.296454578638077
14_byte: 255
MeshIndex: 398
MaterialIndex: 1371
obj|None
byte1: 0
byte2: 0
byte3: 0
BlendInfoIndex: 1496
SkeletonIndex: 1497
SkeletonHierachyIndex: 1498

// Matrix Model 0
1                      0                      0                      // Right
0                      1                      0                      // Up
0                      0                      1                      // Backward
0                      0                      0                      // Translation X Y Z

// Matrix Model 1
1                      0                      0                      // Right
0                      1                      1.03028696685215E-13   // Up
0                      7.105427357601E-15     1                      // Backward
5.96046447753906E-08   -4.4703483581543E-08   0                      // Translation X Y Z

// Matrix Model 2
-0.995444357395172     0.0947639793157578     -0.0105095207691193    // Right
0.0947533473372459     0.995499610900879      0.00150648853741586    // Up
0.0106049841269851     0.000503812974784523   -0.999943673610687     // Backward
-0.0211249589920044    -0.000769838690757751  0.0999999940395355     // Translation X Y Z

// Matrix Model 3
-0.995444357395172     0.0947616696357727     0.0105283167213202     // Right
0.0947528779506683     0.995499849319458      -0.00133235508110374   // Up
-0.0106071941554546    -0.000328696885844693  -0.999943673610687     // Backward
-0.0211249589920044    -0.000769898295402527  -0.100000075995922     // Translation X Y Z

// Matrix Model 4
0.996180593967438      0.0873167663812637     1.29995072484235E-07   // Right
-0.0873167514801025    0.996180593967438      1.08271997589782E-07   // Up
-1.20044575169231E-07  -1.19209047966251E-07  1                      // Backward
0.0738298296928406     -2.5331974029541E-07   1.0019419960372E-08    // Translation X Y Z

// Matrix Model 5
-0.995444357395172     0.0947639793157578     -0.0105095207691193    // Right
0.0947533473372459     0.995499610900879      0.00150648853741586    // Up
0.0106049841269851     0.000503812974784523   -0.999943673610687     // Backward
-0.240458309650421     0.0201078504323959     0.102336652576923      // Translation X Y Z

// Matrix Model 6
-0.995444357395172     0.0947616696357727     0.0105283167213202     // Right
0.0947528779506683     0.995499849319458      -0.00133235508110374   // Up
-0.0106071941554546    -0.000328696885844693  -0.999943673610687     // Backward
-0.240702152252197     0.0201309248805046     -0.102339841425419     // Translation X Y Z

// Matrix Model 7
0.946890711784363      0.32155579328537       3.31851406372152E-05   // Right
-0.32155579328537      0.946890771389008      -4.44450324721402E-06  // Up
-3.28518581227399E-05  -6.46241551294224E-06  1.00000011920929       // Backward
0.165904641151428      -0.00807073712348938   1.31791466628783E-09   // Translation X Y Z

// Matrix Model 8
-0.99899035692215      0.0230335965752602     0.0385748669505119     // Right
0.0228363648056984     0.999723970890045      -0.0055457791313529    // Up
-0.0386919640004635    -0.00465927040204406   -0.999240458011627     // Backward
-0.461342632770538     0.0411334484815598     0.104689739644527      // Translation X Y Z

// Matrix Model 9
-0.998990058898926     0.0230118781328201     -0.0385916456580162    // Right
0.0228406488895416     0.999727129936218      0.00487188063561916    // Up
0.038693230599165      0.00398550182580948    -0.999243140220642     // Backward
-0.461331427097321     0.0411316752433777     -0.104690879583359     // Translation X Y Z

// Matrix Model 10
0.981108725070953      0.193457812070847      -1.94163112610113E-05  // Right
-0.193457797169685     0.981108784675598      3.16539103550895E-06   // Up
1.966187483049E-05     6.50643812605267E-07   1.00000011920929       // Backward
0.258155643939972      -0.039399117231369     -3.19251307701052E-06  // Translation X Y Z

// Matrix Model 11
-0.522076964378357     0.852830171585083      -0.0108031826093793    // Right
0.852870166301727      0.522121012210846      0.00154784438200295    // Up
0.00696060853078961    -0.00840560533106327   -0.999940574169159     // Backward
-0.856377720832825     0.0501637831330299     0.0893895179033279     // Translation X Y Z

// Matrix Model 12
-0.522076487541199     0.852830171585083      0.0108099514618516     // Right
0.852870106697083      0.522120654582977      -0.00155603361781687   // Up
-0.00697112968191504   0.008407112210989      -0.99994033575058      // Backward
-0.856377959251404     0.0501639060676098     -0.0893897861242294    // Translation X Y Z

// Matrix Model 13
0.990443706512451      0.137918934226036      -2.47308207690367E-07  // Right
-0.137918919324875     0.990443766117096      1.67128959560614E-07   // Up
2.67993669922362E-07   -1.31423121274565E-07  1.00000011920929       // Backward
0.422989249229431      -0.0719014257192612    6.61901538023812E-08   // Translation X Y Z

// Matrix Model 14
0.0362621322274208     0.999342381954193      3.56990256022982E-07   // Right
0.999342441558838      -0.0362621545791626    -4.1167440940626E-06   // Up
-4.10063421441009E-06  5.20734715792059E-07   -1.00000011920929      // Backward
-0.935664713382721     0.17968687415123       0.0904466286301613     // Translation X Y Z

// Matrix Model 15
0.0362554937601089     0.999342679977417      4.99850614232855E-07   // Right
0.999342501163483      -0.0362554937601089    -3.29260728904046E-06  // Up
-3.27292127622059E-06  6.13849465480598E-07   -1                     // Backward
-0.935664474964142     0.179687142372131      -0.0904484689235687    // Translation X Y Z

// Matrix Model 16
0.999321401119232      -0.0368392765522003    3.11902795147034E-06   // Right
0.0368393063545227     0.999321460723877      -5.43805072084069E-07  // Up
-3.09687857225072E-06  6.58339615711157E-07   1.00000023841858       // Backward
0.556453227996826      -0.0904862433671951    9.08145239009173E-08   // Translation X Y Z

// Matrix Model 17
-0.189203217625618     0.12089142203331       0.974467992782593      // Right
-0.0738595500588417    0.987829208374023      -0.136889591813087     // Up
-0.979156374931335     -0.0978736877441406    -0.177971407771111     // Backward
0.489144563674927      -0.0839902013540268    -0.0452898368239403    // Translation X Y Z

// Matrix Model 18
-0.189203694462776     0.120890595018864      -0.974467992782593     // Right
-0.0738593265414238    0.987829327583313      0.136888757348061      // Up
0.979156255722046      0.0978733748197556     -0.177971988916397     // Backward
0.489144504070282      -0.0839903354644775    0.0452901534736156     // Translation X Y Z

// Matrix Model 19
0.993846893310547      -0.110764965415001     -3.03927038203256E-07  // Right
0.110765010118484      0.993846952915192      3.4283065275531E-08    // Up
2.98258441944199E-07   -6.77358045209076E-08  1.00000023841858       // Backward
0.64885425567627       -0.0870802253484726    -1.9829423081319E-07   // Translation X Y Z

// Matrix Model 20
-0.711790144443512     0.120448939502239      0.691988050937653      // Right
0.0709623545408249     0.992478251457214      -0.0997598618268967    // Up
-0.698798775672913     -0.0219029784202576    -0.714983224868774     // Backward
0.466072678565979      -0.0929968655109406    -0.16468808054924      // Translation X Y Z

// Matrix Model 21
-0.711796224117279     0.120448611676693      -0.691981792449951     // Right
0.0709636211395264     0.992478311061859      0.0997583493590355     // Up
0.698792397975922      0.0219020694494247     -0.714989483356476     // Backward
0.466073215007782      -0.092996671795845     0.164686098694801      // Translation X Y Z

// Matrix Model 22
0.993846893310547      -0.110764965415001     -3.03927038203256E-07  // Right
0.110765010118484      0.993846952915192      3.4283065275531E-08    // Up
2.98258441944199E-07   -6.77358045209076E-08  1.00000023841858       // Backward
0.729428648948669      1.08033418655396E-05   -0.033862516283989     // Translation X Y Z

// Matrix Model 23
-6.43632347419043E-06  -0.14190548658371      0.989880502223969      // Right
8.55005737321335E-08   -0.989880561828613     -0.141905426979065     // Up
1.00000023841858       -8.43658597204922E-07  6.37607718090294E-06   // Backward
0.652024388313293      -0.00553150475025177   -0.0542324259877205    // Translation X Y Z

// Matrix Model 24
-6.5077169892902E-06   -0.140164285898209     0.990128576755524      // Right
1.37517531584308E-07   -0.990128576755524     -0.140164256095886     // Up
1.00000023841858       -7.83516043156851E-07  6.48971445116331E-06   // Backward
0.724401473999023      0.0129233300685883     -0.0361940003931522    // Translation X Y Z

// Matrix Model 25
-4.5988554120413E-06   -0.141275942325592     0.989970564842224      // Right
9.53731955632975E-08   -0.989970564842224     -0.141275882720947     // Up
1.00000023841858       -5.60342073185893E-07  4.56745374322054E-06   // Backward
0.691826105117798      0.0313926488161087     0.0145223885774612     // Translation X Y Z

// Matrix Model 26
-6.62701859255321E-06  -0.14066344499588      0.990057706832886      // Right
1.31717968088196E-07   -0.990057826042175     -0.140663415193558     // Up
1.00000023841858       -8.06022057986411E-07  6.54931409371784E-06   // Backward
0.736486494541168      0.0120351165533066     -0.0354724414646626    // Translation X Y Z

// Matrix Model 27
-4.61243826066493E-06  -0.138853996992111     0.990313231945038      // Right
1.16349667678151E-07   -0.990313231945038     -0.138853967189789     // Up
1.00000023841858       -5.44693193660351E-07  4.73511363452417E-06   // Backward
0.724141955375671      0.0136313587427139     0.0354650691151619     // Translation X Y Z

// Matrix Model 28
-4.50361949333455E-06  -0.141010299324989     0.990008354187012      // Right
9.84905454970431E-08   -0.990008413791656     -0.141010269522667     // Up
1.00000023841858       -5.37908192654868E-07  4.4836369852419E-06    // Backward
0.664316594600677      0.0299731343984604     0.0126203866675496     // Translation X Y Z

// Matrix Model 29
-6.48200148134492E-06  -0.140203922986984     0.99012291431427       // Right
1.25389988170355E-07   -0.990122973918915     -0.140203893184662     // Up
1.00000023841858       -7.83528662395838E-07  6.39471909380518E-06   // Backward
0.664463222026825      0.0314276069402695     -0.0154876345768571    // Translation X Y Z

// Matrix Model 30
-5.00633996125543E-06  -0.13992714881897      0.990162134170532      // Right
1.02435933513334E-07   -0.990162193775177     -0.139927119016647     // Up
1.00000023841858       -5.97178370753682E-07  4.99773705087136E-06   // Backward
0.65927928686142       0.0206611156463623     0.0253492314368486     // Translation X Y Z

// Matrix Model 31
-3.49615129380254E-06  -0.141510754823685     0.989936947822571      // Right
1.73290345628629E-07   -0.989937007427216     -0.141510680317879     // Up
1.00000023841858       -3.36897016950388E-07  3.52623283106368E-06   // Backward
0.676127731800079      -0.0703617781400681    5.18792546699842E-07   // Translation X Y Z

// Matrix Model 32
-4.50361949333455E-06  -0.141010299324989     0.990008354187012      // Right
9.84905454970431E-08   -0.990008413791656     -0.141010269522667     // Up
1.00000023841858       -5.37908192654868E-07  4.4836369852419E-06    // Backward
0.655741095542908      -0.000993743538856506  0.0530122257769108     // Translation X Y Z

// Matrix Model 33
-4.46269314124947E-06  -0.141189962625504     0.989982903003693      // Right
1.18045363706187E-07   -0.989982843399048     -0.14118991792202      // Up
1.00000023841858       -5.23062681168085E-07  4.5860815589549E-06    // Backward
0.698224544525146      0.0535096228122711     2.44545426539844E-05   // Translation X Y Z

// Matrix Model 34
-4.56018142358516E-06  -0.140661835670471     0.990057945251465      // Right
8.46902139528538E-08   -0.990057945251465     -0.140661790966988     // Up
1.00000023841858       -5.67603137824335E-07  4.60471210317337E-06   // Backward
0.73633736371994       0.0119975656270981     0.0354005768895149     // Translation X Y Z

// Matrix Model 35
-6.54926861898275E-06  -0.139828741550446     0.990176022052765      // Right
1.40383008329081E-07   -0.990176200866699     -0.139828741550446     // Up
1.00000023841858       -7.46159628306486E-07  6.3295292420662E-06    // Backward
0.692382514476776      0.0312224328517914     -0.0149393659085035    // Translation X Y Z

// Matrix Model 36
-4.5988554120413E-06   -0.141275942325592     0.989970564842224      // Right
9.53731955632975E-08   -0.989970564842224     -0.141275882720947     // Up
1.00000023841858       -5.60342073185893E-07  4.56745374322054E-06   // Backward
0.703136205673218      0.0135334879159927     0.0494062900543213     // Translation X Y Z

// Matrix Model 37
-6.54926861898275E-06  -0.139828741550446     0.990176022052765      // Right
1.40383008329081E-07   -0.990176200866699     -0.139828741550446     // Up
1.00000023841858       -7.46159628306486E-07  6.3295292420662E-06    // Backward
0.703055679798126      0.0133648365736008     -0.0519479662179947    // Translation X Y Z

// Matrix Model 38
-4.50361949333455E-06  -0.141010299324989     0.990008354187012      // Right
9.84905454970431E-08   -0.990008413791656     -0.141010269522667     // Up
1.00000023841858       -5.37908192654868E-07  4.4836369852419E-06    // Backward
0.664855122566223      0.0334556996822357     1.74251654243562E-05   // Translation X Y Z

// Matrix Model 39
-6.48262584945769E-06  -0.140164092183113     0.990128576755524      // Right
1.47810567341367E-07   -0.990128695964813     -0.140164062380791     // Up
1.00000023841858       -7.61164471896336E-07  6.33697754892637E-06   // Backward
0.750078082084656      0.00542323291301727    -0.0561009123921394    // Translation X Y Z

// Matrix Model 40
-6.48262584945769E-06  -0.140164092183113     0.990128576755524      // Right
1.47810567341367E-07   -0.990128695964813     -0.140164062380791     // Up
1.00000023841858       -7.61164471896336E-07  6.33697754892637E-06   // Backward
0.745288133621216      0.0253069549798965     -0.0177286993712187    // Translation X Y Z

// Matrix Model 41
-4.5988554120413E-06   -0.141275942325592     0.989970564842224      // Right
9.53731955632975E-08   -0.989970564842224     -0.141275882720947     // Up
1.00000023841858       -5.60342073185893E-07  4.56745374322054E-06   // Backward
0.744732856750488      0.0255375802516937     0.0158556792885065     // Translation X Y Z

// Matrix Model 42
-4.5988554120413E-06   -0.141275942325592     0.989970564842224      // Right
9.53731955632975E-08   -0.989970564842224     -0.141275882720947     // Up
1.00000023841858       -5.60342073185893E-07  4.56745374322054E-06   // Backward
0.756557047367096      0.00671473145484924    0.0541916452348232     // Translation X Y Z

// Matrix Model 43
-6.52622884445009E-06  -0.140403732657433     0.990094602108002      // Right
1.3545417232308E-07    -0.990094661712646     -0.14040370285511      // Up
1.00000023841858       -7.83590223818464E-07  6.47108527118689E-06   // Backward
0.657023668289185      0.0201927125453949     -0.0253076460212469    // Translation X Y Z

// Matrix Model 44
0.993846893310547      -0.110764965415001     -3.03927038203256E-07  // Right
0.110765010118484      0.993846952915192      3.4283065275531E-08    // Up
2.98258441944199E-07   -6.77358045209076E-08  1.00000023841858       // Backward
0.729428768157959      1.08778476715088E-05   0.0338626503944397     // Translation X Y Z

// Matrix Model 45
0.0554342158138752     -0.127499788999557     0.990288555622101      // Right
0.385898679494858      -0.912006318569183     -0.139022678136826     // Up
0.920874536037445      0.389857411384583      -0.00135432800743729   // Backward
0.669230043888092      -0.0774572044610977    0.0816731154918671     // Translation X Y Z

// Matrix Model 46
0.993846893310547      -0.110764965415001     -3.03927038203256E-07  // Right
0.110765010118484      0.993846952915192      3.4283065275531E-08    // Up
2.98258441944199E-07   -6.77358045209076E-08  1.00000023841858       // Backward
0.668006837368011      -0.0791299194097519    -0.0828038528561592    // Translation X Y Z

// Matrix Model 47
-2.72996402372883E-07  -0.139123380184174     0.990275382995605      // Right
3.17885337608459E-06   -0.99027544260025      -0.139123350381851     // Up
1.00000023841858       3.11345957015874E-06   6.84788119542645E-07   // Backward
0.723316848278046      -0.217667058110237     9.1189468776065E-07    // Translation X Y Z

// Matrix Model 48
-0.711790144443512     0.120448939502239      0.691988050937653      // Right
0.0709623545408249     0.992478251457214      -0.0997598618268967    // Up
-0.698798775672913     -0.0219029784202576    -0.714983224868774     // Backward
0.371924817562103      -0.0836107283830643    -0.257117599248886     // Translation X Y Z

// Matrix Model 49
-0.711796224117279     0.120448611676693      -0.691981792449951     // Right
0.0709636211395264     0.992478311061859      0.0997583493590355     // Up
0.698792397975922      0.0219020694494247     -0.714989483356476     // Backward
0.371981680393219      -0.0836160555481911    0.257058501243591      // Translation X Y Z

// Matrix Model 50
-4.41957445218577E-06  -0.149986088275909     0.988688290119171      // Right
4.81944539387769E-07   -0.988688349723816     -0.149986013770103     // Up
1.00000023841858       -2.00430889663039E-07  4.48248829343356E-06   // Backward
0.655511736869812      0.0331188291311264     0.0119266882538795     // Translation X Y Z

// Matrix Model 51
-4.41502788817161E-06  -0.149986058473587     0.988688290119171      // Right
4.77665821563278E-07   -0.988688349723816     -0.149985983967781     // Up
1.00000023841858       -2.03979041657476E-07  4.4773519221053E-06    // Backward
0.654449462890625      0.0350109338760376     0.000117558083729818   // Translation X Y Z

// Matrix Model 52
-2.0649117686844E-06   -0.150890246033669     0.988550782203674      // Right
1.32252665707711E-07   -0.988550841808319     -0.150890171527863     // Up
1.00000023841858       -1.94922776586282E-07  2.10183543458697E-06   // Backward
0.655162572860718      0.0290712714195251     -0.0144762406125665    // Translation X Y Z

// Matrix Model 53
-2.72996402372883E-07  -0.139123380184174     0.990275382995605      // Right
3.17885337608459E-06   -0.99027544260025      -0.139123350381851     // Up
1.00000023841858       3.11345957015874E-06   6.84788119542645E-07   // Backward
0.629924774169922      -0.240301117300987     9.9235126072017E-07    // Translation X Y Z

// Matrix Model 54
-0.721476674079895     0.152072474360466      0.675533890724182      // Right
0.11791080981493       0.988319158554077      -0.0965550690889359    // Up
-0.682326257228851     0.00999050959944725    -0.730979859828949     // Backward
0.27149373292923       -0.0735981240868568    -0.355715692043304     // Translation X Y Z

// Matrix Model 55
-0.72146862745285      0.15207239985466       -0.67554247379303      // Right
0.117908947169781      0.988319277763367      0.096557155251503      // Up
0.682335019111633      -0.00998954754322767   -0.730971693992615     // Backward
0.271490633487701      -0.0735974162817001    0.355713695287704      // Translation X Y Z

// Matrix Model 56
-0.721476674079895     0.152072474360466      0.675533890724182      // Right
0.11791080981493       0.988319158554077      -0.0965550690889359    // Up
-0.682326257228851     0.00999050959944725    -0.730979859828949     // Backward
0.186201870441437      -0.0596588850021362    -0.436379253864288     // Translation X Y Z

// Matrix Model 57
-0.72146862745285      0.15207239985466       -0.67554247379303      // Right
0.117908947169781      0.988319277763367      0.096557155251503      // Up
0.682335019111633      -0.00998954754322767   -0.730971693992615     // Backward
0.186226367950439      -0.0596627444028854    0.436353027820587      // Translation X Y Z

// Matrix Model 58
-0.699921131134033     0.142198011279106      0.69992196559906       // Right
0.100549913942814      0.989838659763336      -0.100548431277275     // Up
-0.707107365131378     1.11521819690097E-06   -0.707106590270996     // Backward
0.0919492840766907     -0.0442551970481873    -0.525517582893372     // Translation X Y Z

// Matrix Model 59
