Object
{
0_Type: 0
1_Type: 0
2_Type: 0
3_Type: 0
4_Type: 472
5_Type: 17
6_Type: 7
7_Type: 7
8_Type: 7
9_Type: 7
10_Type: 0
11_Type: 0
12_Type: 0
13_Type: 1
14_Type: 1
15_Type: 1
16_Type: 1
17_Type: 1
18_Type: 1
19_Type: 1
20_Type: 1
21_Type: 1
22_Type: 1
23_Type: 1
24_Type: 1
25_Type: 1
26_Type: 1
27_Type: 1
28_Type: 1
29_Type: 1
30_Type: 1
31_Type: 1
32_Type: 1
33_Type: 1
34_Type: 1
35_Type: 1
36_Type: 1
37_Type: 1
38_Type: 1
39_Type: 1
40_Type: 1
41_Type: 1
42_Type: 1
43_Type: 1
44_Type: 1
45_Type: 1
46_Type: 1
47_Type: 1
48_Type: 1
49_Type: 1
50_Type: 1
51_Type: 1
52_Type: 1
53_Type: 1
54_Type: 472
55_Type: 1
56_Type: 1
57_Type: 1
58_Type: 2
59_Type: 1
60_Type: 1
61_Type: 1
62_Type: 1
63_Type: 472
64_Type: 1
65_Type: 1
66_Type: 2
67_Type: 1
68_Type: 1
69_Type: 1
70_Type: 1
71_Type: 1
72_Type: 1
73_Type: 1
74_Type: 1
75_Type: 1
76_Type: 1
77_Type: 1
78_Type: 1
79_Type: 2
80_Type: 1
81_Type: 1
82_Type: 1
83_Type: 1
84_Type: 1
85_Type: 472
86_Type: 2
87_Type: 2
88_Type: 2
89_Type: 2
90_Type: 2
91_Type: 2
92_Type: 2
93_Type: 2
94_Type: 2
95_Type: 1
96_Type: 2
97_Type: 1
98_Type: 2
99_Type: 1
100_Type: 472
101_Type: 2
102_Type: 2
103_Type: 2
104_Type: 2
105_Type: 2
106_Type: 2
107_Type: 2
108_Type: 2
109_Type: 2
110_Type: 2
111_Type: 7
112_Type: 7
113_Type: 7
114_Type: 7
115_Type: 7
116_Type: 7
117_Type: 7
118_Type: 7
119_Type: 7
120_Type: 7
121_Type: 7
122_Type: 7
123_Type: 7
124_Type: 7
125_Type: 7
126_Type: 7
127_Type: 7
128_Type: 7
129_Type: 7
130_Type: 7
131_Type: 7
132_Type: 7
133_Type: 7
134_Type: 7
135_Type: 7
136_Type: 2
137_Type: 2
138_Type: 1
139_Type: 472
140_Type: 0
141_Type: 472
142_Type: 1
143_Type: 1
144_Type: 0
145_Type: 0
146_Type: 2
147_Type: 2
148_Type: 2
149_Type: 2
150_Type: 2
151_Type: 2
152_Type: 2
153_Type: 2
154_Type: 2
155_Type: 2
156_Type: 2
157_Type: 2
158_Type: 2
159_Type: 2
160_Type: 2
161_Type: 2
162_Type: 2
163_Type: 2
164_Type: 2
165_Type: 2
166_Type: 2
167_Type: 2
168_Type: 2
169_Type: 2
170_Type: 2
171_Type: 2
172_Type: 2
173_Type: 2
174_Type: 2
175_Type: 2
176_Type: 1
177_Type: 0
178_Type: 0
179_Type: 2
180_Type: 1
181_Type: 1
182_Type: 1
183_Type: 472
184_Type: 0
185_Type: 0
186_Type: 1
187_Type: 1
188_Type: 1
189_Type: 1
190_Type: 1
191_Type: 0
192_Type: 7
193_Type: 7
194_Type: 7
195_Type: 7
196_Type: 7
197_Type: 7
198_Type: 7
199_Type: 7
200_Type: 7
201_Type: 7
202_Type: 7
203_Type: 7
204_Type: 7
205_Type: 472
206_Type: 1
207_Type: 1
208_Type: 1
209_Type: 1
210_Type: 2
211_Type: 2
212_Type: 2
213_Type: 2
214_Type: 2
215_Type: 2
216_Type: 2
217_Type: 2
218_Type: 2
219_Type: 2
220_Type: 2
221_Type: 472
222_Type: 2
223_Type: 472
224_Type: 472
225_Type: 472
226_Type: 2
227_Type: 2
228_Type: 1
229_Type: 1
230_Type: 1
231_Type: 1
232_Type: 1
233_Type: 1
234_Type: 1
235_Type: 472
236_Type: 472
237_Type: 1
238_Type: 1
239_Type: 1
240_Type: 1
241_Type: 1
242_Type: 1
243_Type: 1
244_Type: 1
245_Type: 1
246_Type: 1
247_Type: 1
248_Type: 1
249_Type: 1
250_Type: 1
251_Type: 1
252_Type: 472
253_Type: 2
254_Type: 2
255_Type: 2
256_Type: 2
257_Type: 2
258_Type: 2
259_Type: 2
260_Type: 2
261_Type: 2
262_Type: 2
263_Type: 2
264_Type: 2
265_Type: 2
266_Type: 2
267_Type: 2
268_Type: 2
269_Type: 2
270_Type: 2
271_Type: 472
272_Type: 1
273_Type: 2
274_Type: 472
275_Type: 472
276_Type: 2
277_Type: 472
278_Type: 1
279_Type: 1
280_Type: 1
281_Type: 1
282_Type: 1
283_Type: 1
284_Type: 1
285_Type: 1
286_Type: 6
287_Type: 1
288_Type: 2
289_Type: 1
290_Type: 1
291_Type: 1
292_Type: 472
293_Type: 472
294_Type: 1
295_Type: 472
296_Type: 472
297_Type: 1
298_Type: 1
299_Type: 1
300_Type: 7
301_Type: 2
// Joint 0
{
obj|None
unknown_00_int: 1
1                      0                      0                      // Right
0                      1                      0                      // Up
0                      0                      1                      // Backward
0                      0                      0                      // Translation X Y Z
ParentIndex1: 153
ParentIndex2: -1
unknown_byte: 0
}
// Joint 1
{
obj|None
unknown_00_int: 1
1                      0                      0                      // Right
0                      1                      0                      // Up
0                      0                      1                      // Backward
0                      0                      0                      // Translation X Y Z
ParentIndex1: 153
ParentIndex2: -1
unknown_byte: 0
}
// Joint 2
{
obj|None
unknown_00_int: 1
1                      0                      0                      // Right
0                      1                      0                      // Up
0                      0                      1                      // Backward
0                      0                      0                      // Translation X Y Z
ParentIndex1: 153
ParentIndex2: -1
unknown_byte: 0
}
// Joint 3
{
obj|None
unknown_00_int: 1
1                      0                      0                      // Right
0                      1                      0                      // Up
0                      0                      1                      // Backward
0                      0                      0                      // Translation X Y Z
ParentIndex1: 153
ParentIndex2: -1
unknown_byte: 0
}
// Collision 4
{
obj|1
unknown_00_int: 1
1                      0                      0                      // Right
0                      1                      0                      // Up
0                      0                      1                      // Backward
-77.8697967529297      -1189.09985351563      1.90167999267578       // Translation X Y Z
ParentIndex1: -1
ParentIndex2: -1
obj|0100000000000000
}

// Model 5
{
obj|101
unknown_00_int: 1
4.88944351673126E-08   -2.62260437011719E-06  -1                     // Right
0.142203792929649      0.989837408065796      -2.59280204772949E-06  // Up
0.989837408065796      -0.142203792929649     4.21423465013504E-07   // Backward
0                      0.00773559557273984    0.980463862419128      // Translation X Y Z
ParentIndex1: 436
ParentIndex2: 436
unknown_byte: 0
Shaders: 738197552

Min: -0.298970311880112 -0.196141541004181 -0.260638684034348
Max: 0.509452044963837 0.137146607041359 0.257557243108749
14_byte: 255
MeshIndex: 56
MaterialIndex: 143
obj|None
byte1: 0
byte2: 0
byte3: 0
BlendInfoIndex: 145
SkeletonIndex: 146
SkeletonHierachyIndex: 147

// Matrix Model 0
1                      0                      0                      // Right
0                      1                      0                      // Up
0                      0                      1                      // Backward
0                      0                      0                      // Translation X Y Z

// Matrix Model 1
1                      0                      0                      // Right
0                      1                      -4.2632564145606E-14   // Up
0                      -3.5527136788005E-14   1                      // Backward
5.96046447753906E-08   -4.4703483581543E-08   0                      // Translation X Y Z

// Matrix Model 2
-0.995444297790527     0.0947616547346115     0.0105280810967088     // Right
0.0947528854012489     0.995499789714813      -0.00133233331143856   // Up
-0.0106069575995207    -0.000328697671648115  -0.999943673610687     // Backward
-0.0211249589920044    -0.000769883394241333  -0.100000075995922     // Translation X Y Z

// Matrix Model 3
-0.995444297790527     0.0947639793157578     -0.0105098038911819    // Right
0.0947533547878265     0.995499610900879      0.0015060375444591     // Up
0.0106052234768867     0.000503337301779538   -0.999943673610687     // Backward
-0.0211249589920044    -0.000769823789596558  0.0999999940395355     // Translation X Y Z

// Matrix Model 4
0.996180593967438      0.0873167663812637     1.29995129327654E-07   // Right
-0.0873167663812637    0.996180593967438      1.08271933640935E-07   // Up
-1.2004463201265E-07   -1.19209289550781E-07  1                      // Backward
0.0738298296928406     -2.38418579101563E-07  1.00193915386626E-08   // Translation X Y Z

// Matrix Model 5
-0.995444297790527     0.0947616547346115     0.0105280810967088     // Right
0.0947528854012489     0.995499789714813      -0.00133233331143856   // Up
-0.0106069575995207    -0.000328697671648115  -0.999943673610687     // Backward
-0.240702152252197     0.0201309323310852     -0.102339781820774     // Translation X Y Z

// Matrix Model 6
-0.995444297790527     0.0947639793157578     -0.0105098038911819    // Right
0.0947533547878265     0.995499610900879      0.0015060375444591     // Up
0.0106052234768867     0.000503337301779538   -0.999943673610687     // Backward
-0.240458309650421     0.0201078727841377     0.102336719632149      // Translation X Y Z

// Matrix Model 7
0.946890711784363      0.32155579328537       3.3183259802172E-05    // Right
-0.32155579328537      0.946890711784363      -4.44403622168466E-06  // Up
-3.28499227180146E-05  -6.46225271339063E-06  1.00000011920929       // Backward
0.165904760360718      -0.00807073712348938   -1.07610276245396E-09  // Translation X Y Z

// Matrix Model 8
-0.998990058898926     0.0230118706822395     -0.0385918878018856    // Right
0.0228406563401222     0.999727129936218      0.00487190252169967    // Up
0.0386934764683247     0.00398551812395453    -0.999243140220642     // Backward
-0.461331427097321     0.0411317050457001     -0.10469077527523      // Translation X Y Z

// Matrix Model 9
-0.99899035692215      0.0230335891246796     0.0385745838284492     // Right
0.0228363573551178     0.9997239112854        -0.00554623082280159   // Up
-0.0386916808784008    -0.00465972861275077   -0.999240517616272     // Backward
-0.461342513561249     0.0411334559321404     0.104689851403236      // Translation X Y Z

// Matrix Model 10
0.981108665466309      0.193458020687103      -1.91842700587586E-05  // Right
-0.193458020687103     0.981108665466309      3.11974622491107E-06   // Up
1.94253952940926E-05   6.50540926017129E-07   1.00000011920929       // Backward
0.258155763149261      -0.039399117231369     -3.19471860166232E-06  // Translation X Y Z

// Matrix Model 11
-0.366053104400635     0.930531322956085      0.0108097130432725     // Right
0.930578231811523      0.366089671850204      -0.00155624817125499   // Up
-0.00540545769035816   0.00948960892856121    -0.999940514564514     // Backward
-0.856378018856049     0.050163920968771      -0.0893895849585533    // Translation X Y Z

// Matrix Model 12
-0.998990058898926     0.0230118706822395     -0.0385918878018856    // Right
0.0228406563401222     0.999727129936218      0.00487190252169967    // Up
0.0386934764683247     0.00398551812395453    -0.999243140220642     // Backward
-0.86503791809082      0.0801268070936203     -0.0909978747367859    // Translation X Y Z

// Matrix Model 13
-0.366052955389023     0.930531442165375      -0.0108034824952483    // Right
0.930578470230103      0.366089403629303      0.00154739816207439    // Up
0.0053949449211359     -0.00948705710470676   -0.999940633773804     // Backward
-0.856377720832825     0.0501638054847717     0.0893897414207459     // Translation X Y Z

// Matrix Model 14
-0.99899035692215      0.0230335891246796     0.0385745838284492     // Right
0.0228363573551178     0.9997239112854        -0.00554623082280159   // Up
-0.0386916808784008    -0.00465972861275077   -0.999240517616272     // Backward
-0.866462469100952     0.0803317427635193     0.0909965708851814     // Translation X Y Z

// Matrix Model 15
0.990443587303162      0.137919396162033      2.20870617795299E-07   // Right
-0.137919396162033     0.990443587303162      8.85923086002549E-08   // Up
-2.06534963353988E-07  -1.18208483002036E-07  1.00000011920929       // Backward
0.422989249229431      -0.0719014704227448    2.42540636463673E-08   // Translation X Y Z

// Matrix Model 16
0.0362550243735313     0.999342858791351      2.59666478541476E-07   // Right
0.999342679977417      -0.0362550616264343    -3.51377480001247E-06  // Up
-3.49990614267881E-06  3.78638276288257E-07   -1.00000023841858      // Backward
-0.911969602108002     0.191488474607468      -0.0902104899287224    // Translation X Y Z

// Matrix Model 17
0.0362622067332268     0.999342501163483      5.69129809946389E-08   // Right
0.999342441558838      -0.0362622439861298    -4.56487396149896E-06  // Up
-4.55812050859095E-06  2.2405754407373E-07    -1.00000035762787      // Backward
-0.911969721317291     0.191488340497017      0.090209074318409      // Translation X Y Z

// Matrix Model 18
0.999321460723877      -0.0368388146162033    3.58720603799156E-06   // Right
0.0368388146162033     0.999321460723877      -6.22343350187293E-07  // Up
-3.56183841176971E-06  7.54067968955496E-07   1.00000023841858       // Backward
0.55645352602005       -0.0904863625764847    -1.50651544572611E-08  // Translation X Y Z

// Matrix Model 19
-0.189203560352325     0.120891362428665      0.974467813968658      // Right
-0.073859378695488     0.987829148769379      -0.136889562010765     // Up
-0.979156315326691     -0.0978735759854317    -0.177971795201302     // Backward
0.489144682884216      -0.083990290760994     -0.0452899113297462    // Translation X Y Z

// Matrix Model 20
-0.189203143119812     0.120891354978085      -0.974467873573303     // Right
-0.0738592594861984    0.987829148769379      0.136889457702637      // Up
0.97915643453598       0.0978733971714973     -0.177971377968788     // Backward
0.489144504070282      -0.0839904099702835    0.0452900789678097     // Translation X Y Z

// Matrix Model 21
0.993846952915192      -0.110764503479004     1.64251531487025E-07   // Right
0.110764503479004      0.993846952915192      -4.42535323941229E-08  // Up
-1.58332852606691E-07  6.21731999217445E-08   1.00000023841858       // Backward
0.648854434490204      -0.0870803892612457    -3.47166064784687E-07  // Translation X Y Z

// Matrix Model 22
-0.711790382862091     0.120448917150497      0.691987633705139      // Right
0.0709624662995338     0.992478132247925      -0.0997597277164459    // Up
-0.698798418045044     -0.0219028647989035    -0.714983582496643     // Backward
0.460435926914215      -0.0951973497867584    -0.193862155079842     // Translation X Y Z

// Matrix Model 23
-0.711795747280121     0.120449528098106      -0.691981792449951     // Right
0.0709642991423607     0.992478013038635      0.0997589603066444     // Up
0.698792636394501      0.0219020117074251     -0.714989185333252     // Backward
0.460436105728149      -0.0951976329088211    0.193859919905663      // Translation X Y Z

// Matrix Model 24
0.993846952915192      -0.110764503479004     1.64251531487025E-07   // Right
0.110764503479004      0.993846952915192      -4.42535323941229E-08  // Up
-1.58332852606691E-07  6.21731999217445E-08   1.00000023841858       // Backward
0.742120981216431      -0.0206530392169952    -0.0379668511450291    // Translation X Y Z

// Matrix Model 25
-6.00271550865727E-06  -0.141906186938286     0.989880263805389      // Right
4.80945914205222E-08   -0.989880263805389     -0.141906172037125     // Up
1.00000023841858       -8.25160611839237E-07  6.05051081947749E-06   // Backward
0.66575676202774       -0.0389410108327866    -0.0599142834544182    // Translation X Y Z

// Matrix Model 26
-6.04221486355527E-06  -0.140164762735367     0.990128457546234      // Right
6.61822241454502E-08   -0.990128397941589     -0.140164747834206     // Up
1.00000023841858       -7.88204772561585E-07  6.0132938415336E-06    // Backward
0.736118257045746      -0.00522616505622864   -0.0358753763139248    // Translation X Y Z

// Matrix Model 27
-4.15989461544086E-06  -0.141276642680168     0.989970505237579      // Right
4.35692300015944E-08   -0.989970445632935     -0.141276642680168     // Up
1.00000023841858       -5.86849239425646E-07  4.24562040279852E-06   // Backward
0.699798822402954      0.00938291847705841    0.0177034139633179     // Translation X Y Z

// Matrix Model 28
-6.15966428085812E-06  -0.140663921833038     0.990057647228241      // Right
6.05888885729655E-08   -0.990057647228241     -0.140663921833038     // Up
1.00000023841858       -8.10471533441159E-07  6.0747511270165E-06    // Backward
0.748791754245758      -0.00465580821037292   -0.0355921313166618    // Translation X Y Z

// Matrix Model 29
-4.14425949202268E-06  -0.138854458928108     0.990313053131104      // Right
3.78151412405714E-08   -0.990313053131104     -0.138854444026947     // Up
1.00000023841858       -5.57459827632556E-07  4.26057249569567E-06   // Backward
0.735400915145874      -0.00768499076366425   0.0383398719131947     // Translation X Y Z

// Matrix Model 30
-4.243197508913E-06    -0.141010984778404     0.990008354187012      // Right
3.42851080858964E-08   -0.990008354187012     -0.141010984778404     // Up
1.00000023841858       -5.57092334929621E-07  4.16180682805134E-06   // Backward
0.670386254787445      0.0116456001996994     0.0141274444758892     // Translation X Y Z

// Matrix Model 31
-6.04386605118634E-06  -0.14020462334156      0.990122854709625      // Right
8.09918674349319E-08   -0.990122854709625     -0.14020462334156      // Up
1.00000023841858       -7.73296903844312E-07  6.01329429628095E-06   // Backward
0.670351505279541      0.0145305693149567     -0.0138044627383351    // Translation X Y Z

// Matrix Model 32
-4.74796888738638E-06  -0.139927819371223     0.990161895751953      // Right
2.30083969654515E-08   -0.990161955356598     -0.139927834272385     // Up
1.00000023841858       -6.31782938853576E-07  4.67219433630817E-06   // Backward
0.660636365413666      -0.00203703343868256   0.0288642141968012     // Translation X Y Z

// Matrix Model 33
-2.88378123514121E-06  -0.141511455178261     0.989936888217926      // Right
9.58318935317948E-08   -0.989936828613281     -0.141511455178261     // Up
1.00000023841858       -3.18588462278058E-07  3.01626982945891E-06   // Backward
0.649564623832703      -0.0685543119907379    3.71593557701999E-07   // Translation X Y Z

// Matrix Model 34
-4.243197508913E-06    -0.141010984778404     0.990008354187012      // Right
3.42851080858964E-08   -0.990008354187012     -0.141010984778404     // Up
1.00000023841858       -5.57092334929621E-07  4.16180682805134E-06   // Backward
0.668615698814392      -0.040424644947052     0.060933630913496      // Translation X Y Z

// Matrix Model 35
-4.17222781834425E-06  -0.141190350055695     0.989982724189758      // Right
1.97044300875859E-08   -0.989982724189758     -0.141190350055695     // Up
1.00000023841858       -5.64512390610616E-07  4.11151131629595E-06   // Backward
0.703387260437012      0.0410921424627304     0.00200854754075408    // Translation X Y Z

// Matrix Model 36
-4.10063330491539E-06  -0.140662342309952     0.990057826042175      // Right
-1.72965428646421E-08  -0.990057766437531     -0.140662342309952     // Up
1.00000023841858       -6.01855049353617E-07  4.11897326557664E-06   // Backward
0.749043762683868      -0.00499773025512695   0.0383621752262115     // Translation X Y Z

// Matrix Model 37
-6.08088885201141E-06  -0.139829188585281     0.990175902843475      // Right
7.68653194427316E-08   -0.990175902843475     -0.139829188585281     // Up
1.00000023841858       -7.73360909533949E-07  6.03565285928198E-06   // Backward
0.699575066566467      0.00932566821575165    -0.0172888655215502    // Translation X Y Z

// Matrix Model 38
-4.15989461544086E-06  -0.141276642680168     0.989970505237579      // Right
4.35692300015944E-08   -0.989970445632935     -0.141276642680168     // Up
1.00000023841858       -5.86849239425646E-07  4.24562040279852E-06   // Backward
0.705677032470703      -0.0117527395486832    0.0494061671197414     // Translation X Y Z

// Matrix Model 39
-6.08088885201141E-06  -0.139829188585281     0.990175902843475      // Right
7.68653194427316E-08   -0.990175902843475     -0.139829188585281     // Up
1.00000023841858       -7.73360909533949E-07  6.03565285928198E-06   // Backward
0.705739080905914      -0.0109494030475616    -0.0519480966031551    // Translation X Y Z

// Matrix Model 40
-4.243197508913E-06    -0.141010984778404     0.990008354187012      // Right
3.42851080858964E-08   -0.990008354187012     -0.141010984778404     // Up
1.00000023841858       -5.57092334929621E-07  4.16180682805134E-06   // Backward
0.671490967273712      0.0213581472635269     0.000246024574153125   // Translation X Y Z

// Matrix Model 41
-6.04304022999713E-06  -0.140164777636528     0.990128457546234      // Right
7.35869889467722E-08   -0.990128397941589     -0.140164762735367     // Up
1.00000023841858       -7.80754191964661E-07  6.01329429628095E-06   // Backward
0.770067632198334      0.00196334719657898    -0.0452443696558475    // Translation X Y Z

// Matrix Model 42
-6.04304022999713E-06  -0.140164777636528     0.990128457546234      // Right
7.35869889467722E-08   -0.990128397941589     -0.140164762735367     // Up
1.00000023841858       -7.80754191964661E-07  6.01329429628095E-06   // Backward
0.7677161693573        0.0164364725351334     -0.0165294483304024    // Translation X Y Z

// Matrix Model 43
-4.15989461544086E-06  -0.141276642680168     0.989970505237579      // Right
4.35692300015944E-08   -0.989970445632935     -0.141276642680168     // Up
1.00000023841858       -5.86849239425646E-07  4.24562040279852E-06   // Backward
0.767639875411987      0.0164696127176285     0.0128189343959093     // Translation X Y Z

// Matrix Model 44
-4.15989461544086E-06  -0.141276642680168     0.989970505237579      // Right
4.35692300015944E-08   -0.989970445632935     -0.141276642680168     // Up
1.00000023841858       -5.86849239425646E-07  4.24562040279852E-06   // Backward
0.765446543693542      -0.00785107910633087   0.0533167235553265     // Translation X Y Z

// Matrix Model 45
-6.09199696555152E-06  -0.140404492616653     0.990094482898712      // Right
7.56273834667809E-08   -0.990094482898712     -0.140404477715492     // Up
1.00000023841858       -7.95614539583767E-07  6.14367536400096E-06   // Backward
0.662402749061584      -0.00075763463973999   -0.025430167093873     // Translation X Y Z

// Matrix Model 46
0.993846952915192      -0.110764503479004     1.64251531487025E-07   // Right
0.110764503479004      0.993846952915192      -4.42535323941229E-08  // Up
-1.58332852606691E-07  6.21731999217445E-08   1.00000023841858       // Backward
0.742120802402496      -0.0206523537635803    0.0379677191376686     // Translation X Y Z

// Matrix Model 47
-0.711790382862091     0.120448917150497      0.691987633705139      // Right
0.0709624662995338     0.992478132247925      -0.0997597277164459    // Up
-0.698798418045044     -0.0219028647989035    -0.714983582496643     // Backward
0.36628794670105       -0.0858111977577209    -0.286291629076004     // Translation X Y Z

// Matrix Model 48
-0.711795747280121     0.120449528098106      -0.691981792449951     // Right
0.0709642991423607     0.992478013038635      0.0997589603066444     // Up
0.698792636394501      0.0219020117074251     -0.714989185333252     // Backward
0.366344630718231      -0.0858169347047806    0.28623241186142       // Translation X Y Z

// Matrix Model 49
-3.80587903237029E-06  -0.149986803531647     0.988688230514526      // Right
4.03909609758557E-07   -0.988688170909882     -0.149986803531647     // Up
1.00000023841858       -1.78125858951717E-07  3.97130452256533E-06   // Backward
0.660032689571381      0.0119810402393341     0.0137493507936597     // Translation X Y Z

// Matrix Model 50
-3.80134702027135E-06  -0.149986773729324     0.988688230514526      // Right
4.0185915395341E-07    -0.988688170909882     -0.149986773729324     // Up
1.00000023841858       -1.79473261141538E-07  3.9665160329605E-06    // Backward
0.658917725086212      0.016080379486084      0.000789358804468066   // Translation X Y Z

// Matrix Model 51
-1.43004774599831E-06  -0.150890961289406     0.988550662994385      // Right
4.62683544810716E-08   -0.98855060338974      -0.150890946388245     // Up
1.00000023841858       -1.76813159669109E-07  1.5685459402448E-06    // Backward
0.659970760345459      0.0102898478507996     -0.0125719998031855    // Translation X Y Z

// Matrix Model 52
-0.721476852893829     0.152072787284851      0.675533473491669      // Right
0.117911383509636      0.988319039344788      -0.0965549200773239    // Up
-0.682325839996338     0.00999093893915415    -0.730980277061462     // Backward
0.265856683254242      -0.0757985711097717    -0.384889602661133     // Translation X Y Z

// Matrix Model 53
-0.721468091011047     0.152073606848717      -0.675542414188385     // Right
0.117909625172615      0.988318920135498      0.0965582057833672     // Up
0.682335257530212      -0.00998926535248756   -0.730971395969391     // Backward
0.265853643417358      -0.0757981836795807    0.3848876953125        // Translation X Y Z

// Matrix Model 54
-0.721476852893829     0.152072787284851      0.675533473491669      // Right
0.117911383509636      0.988319039344788      -0.0965549200773239    // Up
-0.682325839996338     0.00999093893915415    -0.730980277061462     // Backward
0.180564701557159      -0.0618592351675034    -0.465553224086761     // Translation X Y Z

// Matrix Model 55
-0.721468091011047     0.152073606848717      -0.675542414188385     // Right
0.117909625172615      0.988318920135498      0.0965582057833672     // Up
0.682335257530212      -0.00998926535248756   -0.730971395969391     // Backward
0.180589556694031      -0.0618634521961212    0.465526968240738      // Translation X Y Z

// Matrix Model 56
-0.699921488761902     0.142197996377945      0.699921607971191      // Right
0.100550025701523      0.989838600158691      -0.100548297166824     // Up
-0.70710700750351      1.22199867291783E-06   -0.707107126712799     // Backward
0.0863119959831238     -0.0464554727077484    -0.5546914935112       // Translation X Y Z

// Matrix Model 57
-0.699921131134033     0.14219905436039       -0.699921369552612     // Right
0.10055023431778       0.989838182926178      0.100549608469009      // Up
0.70710700750351       -4.43641482661405E-07  -0.707106828689575     // Backward
0.0863074064254761     -0.0464551746845245    0.554694294929504      // Translation X Y Z

// Matrix Model 58
-0.774085998535156     0.104465752840042      0.624402701854706      // Right
0.0573178268969059     0.993806064128876      -0.0952105969190598    // Up
-0.630481123924255     -0.037911769002676     -0.775278866291046     // Backward
0.0145924091339111     -0.0301178395748138    -0.623427867889404     // Translation X Y Z

// Matrix Model 59
-0.558071672916412     0.803642332553864      0.206677839159966      // Right
0.767762839794159      0.594570517539978      -0.23880310356617      // Up
-0.31479674577713      0.0254103243350983     -0.948819279670715     // Backward
0.0673923492431641     -0.022228330373764     -0.560399949550629     // Translation X Y Z

// Matrix Model 60
-0.820470333099365     -0.0908671170473099    0.564422070980072      // Right
-0.17312353849411      0.980421721935272      -0.0938209220767021    // Up
-0.54484623670578      -0.174691990017891     -0.820137798786163     // Backward
0.0686933994293213     -0.0644725561141968    -0.56890743970871      // Translation X Y Z

// Matrix Model 61
-0.729010939598084     0.218762204051018      0.648603737354279      // Right
0.288417994976044      0.957504212856293      0.00122440606355667    // Up
-0.620772659778595     0.187961503863335      -0.76112574338913      // Backward
0.0728508830070496     -0.023858904838562     -0.572233259677887     // Translation X Y Z

// Matrix Model 62
-0.796676874160767     -0.0234520435333252    0.60395073890686       // Right
-0.117213316261768     0.986271560192108      -0.116319119930267     // Up
-0.592931389808655     -0.163459777832031     -0.788488507270813     // Backward
0.0114403367042542     -0.0555762648582459    -0.617946088314056     // Translation X Y Z

// Matrix Model 63
-0.558071494102478     0.80364191532135       -0.20667852461338      // Right
0.767761588096619      0.594570636749268      0.238805443048477      // Up
0.314799100160599      -0.0254093408584595    -0.948818385601044     // Backward
0.0673882365226746     -0.0222278833389282    0.560402393341064      // Translation X Y Z

// Matrix Model 64
-0.8204705119133       -0.0908684432506561    -0.5644211769104       // Right
-0.173122555017471     0.980421960353851      0.0938173606991768     // Up
0.544845879077911      0.174688428640366      -0.82013863325119      // Backward
0.0686889886856079     -0.0644722431898117    0.568910360336304      // Translation X Y Z

// Matrix Model 65
-0.774080276489258     0.104469522833824      -0.624408602714539     // Right
0.0573212467133999     0.993805468082428      0.0952119082212448     // Up
0.630487322807312      0.0379098057746887     -0.775273382663727     // Backward
0.0145912766456604     -0.0301179587841034    0.623427271842957      // Translation X Y Z

// Matrix Model 66
-0.796675562858582     -0.0234487801790237    -0.603952348232269     // Right
-0.117209650576115     0.986271739006042      0.116319142282009      // Up
0.592933654785156      0.163457691669464      -0.788486957550049     // Backward
0.0114397406578064     -0.0555760934948921    0.617944657802582      // Translation X Y Z

// Matrix Model 67
-0.729011952877045     0.218760922551155      -0.648602843284607     // Right
0.288419902324677      0.957503616809845      -0.0012291744351387    // Up
0.620770573616028      -0.187966048717499     -0.761126339435577     // Backward
0.072845995426178      -0.023858517408371     0.572235763072968      // Translation X Y Z

// Matrix Model 68
-0.781896710395813     0.0718292742967606     0.619256854057312      // Right
0.0123609155416489     0.994931519031525      -0.0997974127531052    // Up
-0.623286187648773     -0.0703766569495201    -0.778821229934692     // Backward
-0.0237464904785156    -0.0272790491580963    -0.654654324054718     // Translation X Y Z

// Matrix Model 69
-0.59983628988266      0.787932932376862      0.139136582612991      // Right
0.70525848865509       0.602793037891388      -0.373164683580399     // Up
-0.377899169921875     -0.125710383057594     -0.917273044586182     // Backward
0.0339921116828918     0.0237224251031876     -0.579240202903748     // Translation X Y Z

// Matrix Model 70
-0.754970252513886     -0.210739120841026     0.620974957942963      // Right
-0.372936755418777     0.916888833045959      -0.14224699139595      // Up
-0.539387583732605     -0.338976502418518     -0.770815849304199     // Backward
0.0119801759719849     -0.0764388218522072    -0.606569230556488     // Translation X Y Z

// Matrix Model 71
-0.661931574344635     0.319541752338409      0.678041636943817      // Right
0.358001291751862      0.92951238155365       -0.0885574519634247    // Up
-0.658545553684235     0.184120699763298      -0.729669749736786     // Backward
0.0181362628936768     -0.00221316516399384   -0.618824005126953     // Translation X Y Z

// Matrix Model 72
-0.792898297309875     -0.079285591840744     0.604174494743347      // Right
-0.193389520049095     0.972983419895172      -0.126113593578339     // Up
-0.577852606773376     -0.216836184263229     -0.786809682846069     // Backward
-0.0208036303520203    -0.0603206977248192    -0.641943693161011     // Translation X Y Z

// Matrix Model 73
-0.599788308143616     0.787976026535034      -0.139096826314926     // Right
0.70534473657608       0.602747917175293      0.373073399066925      // Up
0.377813279628754      0.125653833150864      -0.91731595993042      // Backward
0.0339881181716919     0.0237230956554413     0.579242944717407      // Translation X Y Z

// Matrix Model 74
-0.754961907863617     -0.210771322250366     -0.620973646640778     // Right
-0.372980684041977     0.916869282722473      0.142254769802094      // Up
0.539368391036987      0.339008092880249      -0.770814955234528     // Backward
0.0119782090187073     -0.0764384493231773    0.606569945812225      // Translation X Y Z

// Matrix Model 75
-0.781917929649353     0.0718066915869713     -0.61923223733902      // Right
0.0123315304517746     0.994931221008301      0.0998017564415932     // Up
0.623259782791138      0.0704006999731064     -0.778839826583862     // Backward
-0.0237499475479126    -0.0272787734866142    0.654656767845154      // Translation X Y Z

// Matrix Model 76
-0.792904078960419     -0.079318955540657     -0.604162156581879     // Right
-0.193433880805969     0.972972989082336      0.126123875379562      // Up
0.577829480171204      0.216869577765465      -0.786817133426666     // Backward
-0.0208045244216919    -0.0603202730417252    0.641942501068115      // Translation X Y Z

// Matrix Model 77
-0.661952376365662     0.319451808929443      -0.67806339263916      // Right
0.357872039079666      0.929560959339142      0.0885693281888962     // Up
0.658594846725464      -0.184031262993813     -0.729647815227509     // Backward
0.018135666847229      -0.00221334397792816   0.618823111057281      // Translation X Y Z

// Matrix Model 78
-0.762376308441162     0.0576001107692719     0.644566118717194      // Right
-0.0107781961560249    0.994763076305389      -0.101642765104771     // Up
-0.647044837474823     -0.084437258541584     -0.757762670516968     // Backward
-0.0448818206787109    -0.0269451513886452    -0.671502292156219     // Translation X Y Z

// Matrix Model 79
-0.590635776519775     0.790091156959534      0.164030820131302      // Right
0.679380238056183      0.596574664115906      -0.427249372005463     // Up
-0.435422480106354     -0.140909433364868     -0.889130175113678     // Backward
0.0149988532066345     0.0460526496171951     -0.591205775737762     // Translation X Y Z

// Matrix Model 80
-0.774010002613068     -0.203979343175888     0.599418044090271      // Right
-0.359827399253845     0.920664250850677      -0.151335969567299     // Up
-0.520992994308472     -0.332822471857071     -0.786000370979309     // Backward
-0.0126854777336121    -0.088622584939003     -0.624191701412201     // Translation X Y Z

// Matrix Model 81
-0.712715148925781     0.324680209159851      0.621788203716278      // Right
0.3714879155159        0.926621973514557      -0.0580434538424015    // Up
-0.595007956027985     0.189618274569511      -0.781032085418701     // Backward
-0.0135693550109863    0.014934167265892      -0.650367259979248     // Translation X Y Z

// Matrix Model 82
-0.756903409957886     -0.0448227971792221    0.651988387107849      // Right
-0.153582125902176     0.981905579566956      -0.110791921615601     // Up
-0.63522481918335      -0.183992460370064     -0.75009149312973      // Backward
-0.0409089922904968    -0.0652241706848145    -0.656596124172211     // Translation X Y Z

// Matrix Model 83
-0.590619802474976     0.790105819702148      -0.164016619324684     // Right
0.679411351680756      0.596559464931488      0.427220523357391      // Up
0.435395002365112      0.140890091657639      -0.889146685600281     // Backward
0.0149998068809509     0.0460526645183563     0.59120386838913       // Translation X Y Z

// Matrix Model 84
-0.774025738239288     -0.203942403197289     -0.599409699440002     // Right
-0.359783589839935     0.920679926872253      0.151342362165451      // Up
0.520999312400818      0.332800626754761      -0.786005020141602     // Backward
-0.012685239315033     -0.0886233076453209    0.624189734458923      // Translation X Y Z

// Matrix Model 85
-0.762356758117676     0.0576269552111626     -0.644586443901062     // Right
-0.010744720697403     0.994763433933258      0.101641096174717      // Up
0.64706814289093       0.0844126790761948     -0.757745325565338     // Backward
-0.0448798537254334    -0.0269456207752228    0.67149943113327       // Translation X Y Z

// Matrix Model 86
-0.756903529167175     -0.0448021739721298    -0.651989281177521     // Right
-0.153554558753967     0.981909692287445      0.110790565609932      // Up
0.635231077671051      0.183973714709282      -0.750090420246124     // Backward
-0.0409075617790222    -0.0652246326208115    0.656592786312103      // Translation X Y Z

// Matrix Model 87
-0.712671935558319     0.324834764003754      -0.621757030487061     // Right
0.371684104204178      0.926543891429901      0.0580367296934128     // Up
0.594937264919281      -0.189736038446426     -0.781057417392731     // Backward
-0.0135683417320251    0.0149267911911011     0.650366425514221      // Translation X Y Z

// Matrix Model 88
-0.785203695297241     -0.176473692059517     0.593559801578522      // Right
-0.322193503379822     0.934997022151947      -0.148233041167259     // Up
-0.528817057609558     -0.307634115219116     -0.791021347045898     // Backward
-0.0271567702293396    -0.0953503251075745    -0.633932530879974     // Translation X Y Z

// Matrix Model 89
-0.728892803192139     0.294907718896866      0.617855548858643      // Right
0.328724592924118      0.942388355731964      -0.0620089247822762    // Up
-0.600546479225159     0.157906413078308      -0.783843159675598     // Backward
-0.0329786539077759    0.0250511467456818     -0.666571021080017     // Translation X Y Z

// Matrix Model 90
-0.785180270671844     -0.176535785198212     -0.593571662902832     // Right
-0.322272479534149     0.934969484806061      0.148232132196426      // Up
0.52880322933197       0.307680755853653      -0.791012167930603     // Backward
-0.0271549820899963    -0.0953508988022804    0.633929312229156      // Translation X Y Z

// Matrix Model 91
-0.728887498378754     0.294887095689774      -0.617871582508087     // Right
0.328692525625229      0.942398726940155      0.062021441757679      // Up
0.600570559501648      -0.157883122563362     -0.783829569816589     // Backward
-0.0329801440238953    0.0250507295131683     0.666571378707886      // Translation X Y Z

// Matrix Model M
4.88944351673126E-08   -2.62260437011719E-06  -1                     // Right
0.142203792929649      0.989837408065796      -2.59280204772949E-06  // Up
0.989837408065796      -0.142203792929649     4.21423465013504E-07   // Backward
0                      0.00773559557273984    0.980463862419128      // Translation X Y Z
// Attachment. Joint
{
count: 6
Attachment: 154 Joint: 53
Attachment: 155 Joint: 52
Attachment: 159 Joint: 21
Attachment: 158 Joint: 51
Attachment: 157 Joint: 21
Attachment: 156 Joint: 21
28_int: -2147483645
29_int: 7346
30_data_size: 1920
}
// Blend. Material
{
count_mat: 88
blendIndex: 8
count_2: 1
count_3: 1
materialIndex: 0
count_4: 16
startIndex: 5334 numFaces: 4
startIndex: 5370 numFaces: 2
startIndex: 6258 numFaces: 4
startIndex: 6294 numFaces: 2
startIndex: 6405 numFaces: 2
startIndex: 6618 numFaces: 4
startIndex: 6810 numFaces: 4
startIndex: 7008 numFaces: 2
startIndex: 7020 numFaces: 1
startIndex: 7035 numFaces: 4
startIndex: 7050 numFaces: 2
startIndex: 7104 numFaces: 1
startIndex: 7119 numFaces: 3
startIndex: 7134 numFaces: 2
startIndex: 7158 numFaces: 1
startIndex: 7164 numFaces: 2
blendIndex: 7
count_2: 1
count_3: 1
materialIndex: 0
count_4: 11
startIndex: 6270 numFaces: 4
startIndex: 6393 numFaces: 1
startIndex: 6399 numFaces: 2
startIndex: 6411 numFaces: 8
startIndex: 6438 numFaces: 7
startIndex: 6471 numFaces: 11
startIndex: 7014 numFaces: 2
startIndex: 7128 numFaces: 2
startIndex: 7149 numFaces: 1
startIndex: 8964 numFaces: 3
startIndex: 9003 numFaces: 1
blendIndex: 1
count_2: 1
count_3: 1
materialIndex: 0
count_4: 15
startIndex: 5346 numFaces: 4
startIndex: 5463 numFaces: 17
startIndex: 5517 numFaces: 21
startIndex: 6222 numFaces: 2
startIndex: 6240 numFaces: 6
startIndex: 6387 numFaces: 2
startIndex: 6396 numFaces: 1
startIndex: 6459 numFaces: 4
startIndex: 6582 numFaces: 6
startIndex: 7047 numFaces: 1
startIndex: 7056 numFaces: 5
startIndex: 7140 numFaces: 3
startIndex: 7152 numFaces: 1
